index,d__Bacteria;p__Bacteroidota;c__Bacteroidia;o__Bacteroidales;f__Bacteroidaceae;g__Bacteroides,d__Bacteria;p__Firmicutes;c__Clostridia;o__Lachnospirales;f__Lachnospiraceae;g__Lachnospira,d__Bacteria;p__Firmicutes;c__Clostridia;o__Oscillospirales;f__Ruminococcaceae;g__Subdoligranulum,d__Bacteria;p__Firmicutes;c__Negativicutes;o__Veillonellales-Selenomonadales;f__Veillonellaceae;g__Dialister,d__Bacteria;p__Bacteroidota;c__Bacteroidia;o__Bacteroidales;f__Barnesiellaceae;g__Coprobacter,d__Bacteria;p__Firmicutes;c__Clostridia;o__Peptostreptococcales-Tissierellales;f__Anaerovoracaceae;g__Family_XIII_UCG-001,d__Bacteria;p__Firmicutes;c__Clostridia;o__Oscillospirales;f__Ruminococcaceae;g__Faecalibacterium,d__Bacteria;p__Firmicutes;c__Clostridia;o__Oscillospirales;f__Oscillospiraceae;g__Colidextribacter,d__Bacteria;p__Firmicutes;c__Bacilli;o__Erysipelotrichales;f__Erysipelotrichaceae;g__Dielma,d__Bacteria;p__Firmicutes;c__Clostridia;o__Oscillospirales;f__Butyricicoccaceae;g__Butyricicoccus,d__Bacteria;p__Firmicutes;c__Clostridia;o__Lachnospirales;f__Lachnospiraceae;g__Marvinbryantia,d__Bacteria;p__Firmicutes;c__Clostridia;o__Lachnospirales;f__Lachnospiraceae;g__Roseburia,d__Bacteria;p__Firmicutes;c__Bacilli;o__Acholeplasmatales;f__Acholeplasmataceae;g__Anaeroplasma,d__Bacteria;p__Firmicutes;c__Clostridia;o__Monoglobales;f__Monoglobaceae;g__Monoglobus,d__Bacteria;p__Firmicutes;c__Clostridia;__;__;__,d__Bacteria;p__Firmicutes;c__Clostridia;o__Lachnospirales;f__Lachnospiraceae;__,d__Bacteria;p__Cyanobacteria;c__Vampirivibrionia;o__Gastranaerophilales;f__Gastranaerophilales;g__Gastranaerophilales,d__Bacteria;__;__;__;__;__,d__Bacteria;p__Actinobacteriota;c__Actinobacteria;o__Actinomycetales;f__Actinomycetaceae;g__Actinomyces,d__Bacteria;p__Firmicutes;c__Clostridia;o__Lachnospirales;f__Lachnospiraceae;g__Eisenbergiella,d__Bacteria;p__Bacteroidota;c__Bacteroidia;o__Bacteroidales;f__Prevotellaceae;g__Paraprevotella,d__Bacteria;p__Actinobacteriota;c__Actinobacteria;o__Bifidobacteriales;f__Bifidobacteriaceae;g__Bifidobacterium,d__Bacteria;p__Firmicutes;c__Clostridia;o__Oscillospirales;__;__,d__Bacteria;p__Bacteroidota;c__Bacteroidia;o__Bacteroidales;f__Rikenellaceae;g__Alistipes,d__Bacteria;p__Bacteroidota;c__Bacteroidia;o__Bacteroidales;f__Porphyromonadaceae;g__Porphyromonas,d__Bacteria;p__Bacteroidota;c__Bacteroidia;o__Bacteroidales;f__Prevotellaceae;__,d__Bacteria;p__Firmicutes;c__Clostridia;o__Lachnospirales;f__Lachnospiraceae;g__Lachnospiraceae_UCG-004,d__Bacteria;p__Proteobacteria;c__Gammaproteobacteria;o__Burkholderiales;f__Sutterellaceae;g__Sutterella,d__Bacteria;p__Firmicutes;c__Clostridia;o__Oscillospirales;f__[Eubacterium]_coprostanoligenes_group;g__[Eubacterium]_coprostanoligenes_group,d__Bacteria;p__Bacteroidota;c__Bacteroidia;o__Bacteroidales;f__Prevotellaceae;g__Prevotella_9,d__Bacteria;p__Firmicutes;c__Clostridia;o__Lachnospirales;f__Lachnospiraceae;g__Lachnospiraceae_ND3007_group,d__Bacteria;p__Firmicutes;c__Clostridia;o__Oscillospirales;f__Oscillospiraceae;g__UCG-005,d__Bacteria;p__Verrucomicrobiota;c__Lentisphaeria;o__Victivallales;f__Victivallaceae;g__Victivallis,d__Bacteria;p__Bacteroidota;c__Bacteroidia;o__Bacteroidales;f__Rikenellaceae;g__Rikenellaceae_RC9_gut_group,d__Bacteria;p__Firmicutes;c__Clostridia;o__Clostridia_UCG-014;f__Clostridia_UCG-014;g__Clostridia_UCG-014,d__Bacteria;p__Firmicutes;c__Clostridia;o__Oscillospirales;f__Oscillospiraceae;g__Oscillibacter,d__Bacteria;p__Firmicutes;c__Clostridia;o__Oscillospirales;f__Oscillospiraceae;__,d__Bacteria;p__Firmicutes;c__Clostridia;o__Lachnospirales;f__Defluviitaleaceae;g__Defluviitaleaceae_UCG-011,d__Bacteria;p__Actinobacteriota;c__Actinobacteria;o__Bifidobacteriales;f__Bifidobacteriaceae;__,d__Bacteria;p__Verrucomicrobiota;c__Verrucomicrobiae;o__Verrucomicrobiales;f__Akkermansiaceae;g__Akkermansia,d__Bacteria;p__Firmicutes;c__Clostridia;o__Lachnospirales;f__Lachnospiraceae;g__Lachnospiraceae_NK4A136_group,d__Bacteria;p__Firmicutes;c__Clostridia;o__Christensenellales;f__Christensenellaceae;g__Christensenellaceae_R-7_group,d__Bacteria;p__Firmicutes;c__Clostridia;o__Lachnospirales;f__Lachnospiraceae;g__[Eubacterium]_hallii_group,d__Bacteria;p__Actinobacteriota;c__Coriobacteriia;o__Coriobacteriales;f__Atopobiaceae;g__Olsenella,d__Bacteria;p__Bacteroidota;c__Bacteroidia;o__Bacteroidales;f__Marinifilaceae;g__Butyricimonas,d__Bacteria;p__Firmicutes;c__Bacilli;o__Erysipelotrichales;f__Erysipelotrichaceae;g__Erysipelotrichaceae_UCG-006,d__Bacteria;p__Firmicutes;c__Clostridia;o__Lachnospirales;f__Lachnospiraceae;g__[Eubacterium]_eligens_group,d__Bacteria;p__Bacteroidota;c__Bacteroidia;__;__;__,d__Bacteria;p__Patescibacteria;c__Saccharimonadia;o__Saccharimonadales;f__Saccharimonadaceae;g__TM7x,d__Bacteria;p__Proteobacteria;c__Gammaproteobacteria;o__Burkholderiales;f__Sutterellaceae;g__Parasutterella,d__Bacteria;p__Desulfobacterota;c__Desulfovibrionia;o__Desulfovibrionales;f__Desulfovibrionaceae;g__uncultured,d__Bacteria;p__Bacteroidota;c__Bacteroidia;o__Bacteroidales;f__Prevotellaceae;g__Alloprevotella,d__Bacteria;p__Bacteroidota;c__Bacteroidia;o__Bacteroidales;f__Prevotellaceae;g__Prevotellaceae_NK3B31_group,d__Bacteria;p__Firmicutes;c__Clostridia;o__Lachnospirales;f__Lachnospiraceae;g__Anaerostipes,d__Bacteria;p__Firmicutes;c__Clostridia;o__Oscillospirales;f__Oscillospiraceae;g__UCG-002,d__Bacteria;p__Bacteroidota;c__Bacteroidia;o__Bacteroidales;f__Tannerellaceae;g__Parabacteroides,d__Bacteria;p__Firmicutes;c__Clostridia;o__Oscillospirales;f__Oscillospiraceae;g__Intestinimonas,d__Bacteria;p__Firmicutes;c__Clostridia;o__Oscillospirales;f__UCG-010;g__UCG-010,d__Bacteria;p__Bacteroidota;c__Bacteroidia;o__Bacteroidales;__;__,d__Bacteria;p__Firmicutes;c__Clostridia;o__Oscillospirales;f__Ruminococcaceae;g__Candidatus_Soleaferrea,d__Bacteria;p__Firmicutes;c__Clostridia;o__Clostridia_vadinBB60_group;f__Clostridia_vadinBB60_group;g__Clostridia_vadinBB60_group,d__Bacteria;p__Firmicutes;c__Incertae_Sedis;o__DTU014;f__DTU014;g__DTU014,d__Bacteria;p__Firmicutes;c__Clostridia;o__Lachnospirales;f__Lachnospiraceae;g__Blautia,d__Bacteria;p__Firmicutes;c__Bacilli;o__Erysipelotrichales;f__Erysipelatoclostridiaceae;g__Asteroleplasma,d__Bacteria;p__Proteobacteria;c__Gammaproteobacteria;o__Enterobacterales;f__Succinivibrionaceae;g__Succinivibrio,d__Bacteria;p__Bacteroidota;c__Bacteroidia;o__Bacteroidales;f__Muribaculaceae;g__Muribaculaceae,d__Bacteria;p__Proteobacteria;c__Gammaproteobacteria;o__Burkholderiales;f__Oxalobacteraceae;g__Oxalobacter,d__Bacteria;p__Firmicutes;c__Clostridia;o__Oscillospirales;f__Oscillospiraceae;g__NK4A214_group,d__Bacteria;p__Firmicutes;c__Clostridia;o__Lachnospirales;f__Lachnospiraceae;g__Lachnoclostridium,d__Bacteria;p__Firmicutes;c__Bacilli;o__Erysipelotrichales;f__Erysipelatoclostridiaceae;g__Erysipelatoclostridiaceae,d__Bacteria;p__Proteobacteria;c__Gammaproteobacteria;o__Enterobacterales;f__Enterobacteriaceae;g__Citrobacter,d__Bacteria;p__Firmicutes;c__Clostridia;o__Lachnospirales;f__Lachnospiraceae;g__Lachnospiraceae_NC2004_group,d__Bacteria;p__Firmicutes;c__Clostridia;o__Eubacteriales;f__Anaerofustaceae;g__Anaerofustis,d__Bacteria;p__Proteobacteria;c__Gammaproteobacteria;o__Enterobacterales;f__Enterobacteriaceae;g__Escherichia-Shigella,d__Bacteria;p__Firmicutes;c__Bacilli;o__Erysipelotrichales;f__Erysipelatoclostridiaceae;g__Erysipelatoclostridium,d__Bacteria;p__Fusobacteriota;c__Fusobacteriia;o__Fusobacteriales;f__Leptotrichiaceae;g__Sneathia,d__Bacteria;p__Firmicutes;c__Clostridia;o__Lachnospirales;f__Lachnospiraceae;g__Lachnospiraceae_FCS020_group,d__Bacteria;p__Firmicutes;c__Clostridia;o__Oscillospirales;f__Ruminococcaceae;g__Ruminococcus,d__Bacteria;p__Firmicutes;c__Clostridia;o__Oscillospirales;f__Ruminococcaceae;g__uncultured,d__Bacteria;p__Actinobacteriota;c__Coriobacteriia;o__Coriobacteriales;f__Coriobacteriales_Incertae_Sedis;g__Phoenicibacter,d__Bacteria;p__Firmicutes;c__Clostridia;o__Oscillospirales;f__Oscillospiraceae;g__Flavonifractor,d__Bacteria;p__Firmicutes;c__Clostridia;o__Oscillospirales;f__Butyricicoccaceae;__,d__Bacteria;p__Bacteroidota;c__Bacteroidia;o__Bacteroidales;f__Tannerellaceae;g__Tannerellaceae,d__Bacteria;p__Firmicutes;c__Clostridia;o__Christensenellales;f__Christensenellaceae;g__uncultured,d__Bacteria;p__Firmicutes;c__Clostridia;o__Oscillospirales;f__Ruminococcaceae;g__Harryflintia,d__Bacteria;p__Synergistota;c__Synergistia;o__Synergistales;f__Synergistaceae;g__Synergistes,d__Bacteria;p__Firmicutes;c__Bacilli;o__RF39;f__RF39;g__RF39,d__Bacteria;p__Firmicutes;c__Clostridia;o__Peptostreptococcales-Tissierellales;f__Anaerovoracaceae;g__Family_XIII_AD3011_group,d__Bacteria;p__Firmicutes;c__Bacilli;o__Erysipelotrichales;f__Erysipelatoclostridiaceae;g__Erysipelotrichaceae_UCG-003,d__Bacteria;p__Firmicutes;c__Bacilli;o__Lactobacillales;f__Lactobacillaceae;g__Weissella,d__Bacteria;p__Firmicutes;c__Clostridia;o__Peptostreptococcales-Tissierellales;f__Anaerovoracaceae;g__[Eubacterium]_brachy_group,d__Bacteria;p__Bacteroidota;c__Bacteroidia;o__Bacteroidales;f__Marinifilaceae;g__Odoribacter,d__Bacteria;p__Spirochaetota;c__Spirochaetia;o__Spirochaetales;f__Spirochaetaceae;g__Treponema,d__Bacteria;p__Cyanobacteria;c__Cyanobacteriia;o__Chloroplast;f__Chloroplast;g__Chloroplast,d__Bacteria;p__Firmicutes;c__Clostridia;o__Oscillospirales;f__Oscillospiraceae;g__Oscillospira,d__Bacteria;p__Firmicutes;c__Clostridia;o__Oscillospirales;f__Oscillospiraceae;g__Pseudoflavonifractor,d__Bacteria;p__Firmicutes;c__Clostridia;o__Peptostreptococcales-Tissierellales;f__Anaerovoracaceae;__,d__Bacteria;p__Bacteroidota;c__Bacteroidia;o__Flavobacteriales;f__Flavobacteriaceae;g__uncultured,d__Bacteria;p__Desulfobacterota;c__Desulfovibrionia;o__Desulfovibrionales;f__Desulfovibrionaceae;g__Desulfovibrio,d__Bacteria;p__Firmicutes;c__Negativicutes;o__Veillonellales-Selenomonadales;f__Veillonellaceae;g__Megasphaera,d__Bacteria;p__Firmicutes;c__Clostridia;o__Lachnospirales;f__Lachnospiraceae;g__Lachnospiraceae_UCG-010,d__Bacteria;p__Proteobacteria;c__Gammaproteobacteria;o__Enterobacterales;f__Pasteurellaceae;g__Haemophilus,d__Bacteria;p__Firmicutes;c__Clostridia;o__Lachnospirales;f__Lachnospiraceae;g__Coprococcus,d__Bacteria;p__Firmicutes;c__Clostridia;o__Peptococcales;f__Peptococcaceae;g__Peptococcus,d__Bacteria;p__Verrucomicrobiota;c__Lentisphaeria;o__Victivallales;f__vadinBE97;g__vadinBE97,d__Bacteria;p__Firmicutes;c__Clostridia;o__Oscillospirales;f__Oscillospiraceae;g__uncultured,d__Bacteria;p__Proteobacteria;c__Gammaproteobacteria;o__Enterobacterales;f__Enterobacteriaceae;g__Klebsiella,d__Bacteria;p__Firmicutes;c__Negativicutes;o__Veillonellales-Selenomonadales;f__Veillonellaceae;g__Allisonella,d__Bacteria;p__Firmicutes;c__Clostridia;o__Peptococcales;f__Peptococcaceae;g__uncultured,d__Bacteria;p__Firmicutes;c__Clostridia;o__Oscillospirales;f__Ruminococcaceae;g__UBA1819,d__Bacteria;p__Firmicutes;c__Clostridia;o__Lachnospirales;f__Lachnospiraceae;g__Agathobacter,d__Bacteria;p__Actinobacteriota;c__Coriobacteriia;o__Coriobacteriales;f__Eggerthellaceae;g__Enterorhabdus,d__Bacteria;p__Firmicutes;c__Clostridia;o__Oscillospirales;f__Ruminococcaceae;g__[Eubacterium]_siraeum_group,d__Bacteria;p__Firmicutes;c__Negativicutes;o__Veillonellales-Selenomonadales;f__Selenomonadaceae;g__Mitsuokella,d__Bacteria;p__Desulfobacterota;c__Desulfovibrionia;o__Desulfovibrionales;f__Desulfovibrionaceae;g__Mailhella,d__Bacteria;p__Firmicutes;c__Negativicutes;o__Veillonellales-Selenomonadales;f__Selenomonadaceae;g__Anaerovibrio,d__Bacteria;p__Firmicutes;c__Clostridia;o__Oscillospirales;f__Ruminococcaceae;__,d__Bacteria;p__Bacteroidota;c__Bacteroidia;o__Bacteroidales;f__Prevotellaceae;g__uncultured,d__Bacteria;p__Bacteroidota;c__Bacteroidia;o__Bacteroidales;f__Barnesiellaceae;g__Barnesiella,d__Bacteria;p__Firmicutes;c__Bacilli;o__Lactobacillales;f__Streptococcaceae;g__Streptococcus,d__Bacteria;p__Firmicutes;c__Clostridia;o__Lachnospirales;f__Lachnospiraceae;g__[Eubacterium]_ruminantium_group,d__Bacteria;p__Firmicutes;c__Clostridia;o__Clostridiales;f__Clostridiaceae;g__Sarcina,d__Bacteria;p__Firmicutes;c__Clostridia;o__Oscillospirales;f__Ruminococcaceae;g__Negativibacillus,d__Bacteria;p__Firmicutes;c__Clostridia;o__Lachnospirales;f__Lachnospiraceae;g__UC5-1-2E3,d__Bacteria;p__Bacteroidota;c__Bacteroidia;o__Bacteroidales;f__Prevotellaceae;g__Prevotella,d__Bacteria;p__Firmicutes;c__Clostridia;o__Clostridiales;f__Clostridiaceae;g__Clostridium_sensu_stricto_1,d__Bacteria;p__Firmicutes;c__Negativicutes;o__Veillonellales-Selenomonadales;f__Selenomonadaceae;g__Megamonas,d__Bacteria;p__Firmicutes;c__Clostridia;o__Lachnospirales;f__Lachnospiraceae;g__Tyzzerella,d__Bacteria;p__Firmicutes;c__Bacilli;o__Erysipelotrichales;f__Erysipelotrichaceae;g__Merdibacter,d__Bacteria;p__Firmicutes;c__Bacilli;o__Erysipelotrichales;f__Erysipelotrichaceae;g__Holdemania,d__Bacteria;p__Fusobacteriota;c__Fusobacteriia;o__Fusobacteriales;f__Fusobacteriaceae;g__Fusobacterium,d__Bacteria;p__Proteobacteria;c__Alphaproteobacteria;o__Rhodospirillales;f__uncultured;g__uncultured,d__Bacteria;p__Firmicutes;c__Clostridia;o__Lachnospirales;f__Lachnospiraceae;g__[Eubacterium]_oxidoreducens_group,d__Bacteria;p__Firmicutes;c__Clostridia;o__Lachnospirales;f__Lachnospiraceae;g__[Ruminococcus]_torques_group,d__Bacteria;p__Actinobacteriota;c__Coriobacteriia;o__Coriobacteriales;f__Eggerthellaceae;g__Eggerthella,d__Bacteria;p__Actinobacteriota;c__Coriobacteriia;o__Coriobacteriales;f__Eggerthellaceae;g__Senegalimassilia,d__Bacteria;p__Firmicutes;c__Bacilli;o__Erysipelotrichales;f__Erysipelotrichaceae;g__Holdemanella,d__Bacteria;p__Firmicutes;c__Clostridia;o__Oscillospirales;f__Ruminococcaceae;g__Anaerotruncus,d__Bacteria;p__Proteobacteria;c__Gammaproteobacteria;o__Enterobacterales;f__Enterobacteriaceae;__,d__Bacteria;p__Firmicutes;c__Negativicutes;o__Acidaminococcales;f__Acidaminococcaceae;g__Phascolarctobacterium,d__Bacteria;p__Firmicutes;c__Clostridia;o__Lachnospirales;f__Lachnospiraceae;g__Lachnospiraceae_NK3A20_group,d__Bacteria;p__Actinobacteriota;c__Coriobacteriia;o__Coriobacteriales;f__Eggerthellaceae;g__Adlercreutzia,d__Bacteria;p__Firmicutes;c__Negativicutes;o__Acidaminococcales;f__Acidaminococcaceae;g__Acidaminococcus,d__Bacteria;p__Actinobacteriota;c__Coriobacteriia;o__Coriobacteriales;f__Coriobacteriaceae;g__Collinsella,d__Bacteria;p__Desulfobacterota;c__Desulfovibrionia;o__Desulfovibrionales;f__Desulfovibrionaceae;g__Bilophila,d__Bacteria;p__Firmicutes;c__Clostridia;o__Oscillospirales;f__Ruminococcaceae;g__Paludicola,d__Bacteria;p__Firmicutes;c__Clostridia;o__Oscillospirales;f__Hungateiclostridiaceae;g__Ruminiclostridium,d__Bacteria;p__Actinobacteriota;c__Coriobacteriia;o__Coriobacteriales;f__Eggerthellaceae;g__Asaccharobacter,d__Bacteria;p__Firmicutes;c__Bacilli;o__Lactobacillales;f__Lactobacillaceae;g__Ligilactobacillus,d__Bacteria;p__Firmicutes;c__Clostridia;o__Peptostreptococcales-Tissierellales;f__Anaerovoracaceae;g__[Eubacterium]_nodatum_group,d__Bacteria;p__Firmicutes;c__Clostridia;o__Lachnospirales;f__Lachnospiraceae;g__Lactonifactor,d__Bacteria;p__Firmicutes;c__Clostridia;o__Eubacteriales;f__Eubacteriaceae;g__Eubacterium,d__Bacteria;p__Firmicutes;c__Clostridia;o__Oscillospirales;f__Ruminococcaceae;g__Pygmaiobacter,d__Bacteria;p__Firmicutes;c__Clostridia;o__Peptostreptococcales-Tissierellales;f__Family_XI;g__Finegoldia,d__Bacteria;p__Actinobacteriota;c__Actinobacteria;o__Micrococcales;f__Micrococcaceae;g__Rothia,d__Bacteria;p__Firmicutes;c__Clostridia;o__Lachnospirales;f__Lachnospiraceae;g__Fusicatenibacter,d__Bacteria;p__Firmicutes;c__Clostridia;o__Oscillospirales;f__Butyricicoccaceae;g__UCG-009,d__Bacteria;p__Actinobacteriota;c__Coriobacteriia;o__Coriobacteriales;f__Eggerthellaceae;g__uncultured,d__Bacteria;p__Firmicutes;c__Bacilli;o__Lactobacillales;f__Lactobacillaceae;g__Pediococcus,d__Bacteria;p__Firmicutes;c__Negativicutes;o__Veillonellales-Selenomonadales;f__Veillonellaceae;g__Veillonella,d__Bacteria;p__Bacteroidota;c__Bacteroidia;o__Bacteroidales;f__Barnesiellaceae;g__uncultured,d__Bacteria;p__Firmicutes;c__Negativicutes;o__Veillonellales-Selenomonadales;f__Selenomonadaceae;g__uncultured,d__Bacteria;p__Actinobacteriota;c__Coriobacteriia;o__Coriobacteriales;f__Atopobiaceae;g__uncultured,d__Bacteria;p__Firmicutes;c__Clostridia;o__Oscillospirales;f__Oscillospiraceae;g__Papillibacter,d__Bacteria;p__Firmicutes;c__Clostridia;o__Peptostreptococcales-Tissierellales;f__Peptostreptococcaceae;__,d__Bacteria;p__Firmicutes;c__Clostridia;o__Lachnospirales;f__Lachnospiraceae;g__Sellimonas,d__Bacteria;p__Firmicutes;c__Clostridia;o__Lachnospirales;f__Lachnospiraceae;g__Oribacterium,d__Bacteria;p__Actinobacteriota;c__Coriobacteriia;o__Coriobacteriales;f__Atopobiaceae;g__Libanicoccus,d__Bacteria;p__Firmicutes;c__Bacilli;o__Erysipelotrichales;f__Erysipelotrichaceae;g__Faecalitalea,d__Bacteria;p__Firmicutes;c__Clostridia;o__Lachnospirales;f__Lachnospiraceae;g__uncultured,d__Bacteria;p__Firmicutes;c__Clostridia;o__Peptostreptococcales-Tissierellales;f__Peptostreptococcaceae;g__Intestinibacter,d__Bacteria;p__Firmicutes;c__Clostridia;o__Oscillospirales;f__Oscillospiraceae;g__UCG-007,d__Bacteria;p__Firmicutes;c__Clostridia;o__Christensenellales;f__Christensenellaceae;__,d__Bacteria;p__Proteobacteria;c__Gammaproteobacteria;o__Burkholderiales;f__Comamonadaceae;g__Comamonas,d__Bacteria;p__Firmicutes;c__Clostridia;o__Peptostreptococcales-Tissierellales;f__Family_XI;g__Ezakiella,d__Bacteria;p__Firmicutes;c__Bacilli;o__Erysipelotrichales;f__Erysipelotrichaceae;g__Turicibacter,d__Bacteria;p__Firmicutes;c__Bacilli;o__Lactobacillales;f__Lactobacillaceae;g__Lactobacillus,d__Bacteria;p__Bacteroidota;c__Bacteroidia;o__Bacteroidales;f__Prevotellaceae;g__Prevotellaceae_UCG-003,d__Bacteria;p__Firmicutes;c__Bacilli;o__Lactobacillales;f__Streptococcaceae;g__Lactococcus,d__Bacteria;p__Actinobacteriota;c__Coriobacteriia;o__Coriobacteriales;f__Eggerthellaceae;g__Slackia,d__Bacteria;p__Actinobacteriota;c__Coriobacteriia;o__Coriobacteriales;f__uncultured;g__uncultured,d__Bacteria;p__Verrucomicrobiota;c__Verrucomicrobiae;o__Opitutales;f__Puniceicoccaceae;g__uncultured,d__Bacteria;p__Firmicutes;c__Clostridia;o__Oscillospirales;f__Ethanoligenenaceae;g__Acetanaerobacterium,d__Bacteria;p__Firmicutes;c__Clostridia;o__Oscillospirales;f__uncultured;g__uncultured,d__Bacteria;p__Firmicutes;c__Bacilli;o__Erysipelotrichales;f__Erysipelatoclostridiaceae;g__UCG-004,d__Bacteria;p__Firmicutes;c__Clostridia;o__Lachnospirales;f__Lachnospiraceae;g__[Bacteroides]_pectinophilus_group,d__Bacteria;p__Firmicutes;c__Clostridia;o__Lachnospirales;f__Lachnospiraceae;g__[Eubacterium]_ventriosum_group,d__Bacteria;p__Actinobacteriota;c__Actinobacteria;o__Micrococcales;f__Micrococcaceae;g__Kocuria,d__Bacteria;p__Firmicutes;c__Bacilli;o__Mycoplasmatales;f__Mycoplasmataceae;g__Ureaplasma,d__Bacteria;p__Firmicutes;c__Clostridia;o__Peptostreptococcales-Tissierellales;f__Family_XI;g__Murdochiella,d__Bacteria;p__Firmicutes;c__Clostridia;o__Peptostreptococcales-Tissierellales;f__Peptostreptococcaceae;g__Romboutsia,d__Bacteria;p__Firmicutes;c__Clostridia;o__Oscillospirales;f__Ruminococcaceae;g__Incertae_Sedis,d__Bacteria;p__Firmicutes;c__Clostridia;o__Lachnospirales;f__Lachnospiraceae;g__Dorea,d__Bacteria;p__Firmicutes;c__Clostridia;o__Lachnospirales;f__Lachnospiraceae;g__GCA-900066575,d__Bacteria;p__Firmicutes;c__Bacilli;o__Erysipelotrichales;f__Erysipelatoclostridiaceae;g__Catenibacterium,d__Bacteria;p__Firmicutes;c__Clostridia;o__Lachnospirales;f__Lachnospiraceae;g__Cellulosilyticum,d__Bacteria;p__Firmicutes;c__Bacilli;o__Lactobacillales;f__Enterococcaceae;g__Enterococcus,d__Bacteria;p__Elusimicrobiota;c__Elusimicrobia;o__Elusimicrobiales;f__Elusimicrobiaceae;g__Elusimicrobium,d__Bacteria;p__Firmicutes;c__Clostridia;o__Peptostreptococcales-Tissierellales;f__Peptostreptococcaceae;g__Terrisporobacter,d__Bacteria;p__Firmicutes;c__Clostridia;o__Oscillospirales;f__Oscillospiraceae;g__V9D2013_group,d__Bacteria;p__Patescibacteria;c__Saccharimonadia;o__Saccharimonadales;f__Saccharimonadales;g__Saccharimonadales,d__Bacteria;p__Firmicutes;c__Clostridia;o__Oscillospirales;f__Oscillospiraceae;g__UCG-003,d__Bacteria;p__Synergistota;c__Synergistia;o__Synergistales;f__Synergistaceae;g__Cloacibacillus,d__Bacteria;p__Proteobacteria;c__Gammaproteobacteria;o__Enterobacterales;f__Succinivibrionaceae;g__Anaerobiospirillum,d__Bacteria;p__Firmicutes;c__Bacilli;o__Lactobacillales;f__Enterococcaceae;__,d__Bacteria;p__Bacteroidota;c__Bacteroidia;o__Bacteroidales;f__Rikenellaceae;g__Rikenella,d__Bacteria;p__Firmicutes;c__Bacilli;o__Erysipelotrichales;f__Erysipelotrichaceae;g__Faecalicoccus,d__Bacteria;p__Firmicutes;c__Bacilli;o__Lactobacillales;f__Lactobacillaceae;g__Lacticaseibacillus,d__Bacteria;p__Bacteroidota;c__Bacteroidia;o__Bacteroidales;f__Rikenellaceae;__,d__Bacteria;p__Firmicutes;c__Bacilli;o__Staphylococcales;f__Gemellaceae;g__Gemella,d__Bacteria;p__Firmicutes;c__Bacilli;o__Erysipelotrichales;f__Erysipelatoclostridiaceae;g__Coprobacillus,d__Bacteria;p__Actinobacteriota;c__Actinobacteria;o__Bifidobacteriales;f__Bifidobacteriaceae;g__Bifidobacteriaceae,d__Bacteria;p__Firmicutes;c__Clostridia;o__Peptostreptococcales-Tissierellales;f__Peptostreptococcaceae;g__uncultured,d__Bacteria;p__Firmicutes;c__Clostridia;o__Lachnospirales;f__Lachnospiraceae;g__Catenibacillus,d__Bacteria;p__Firmicutes;c__Clostridia;o__Lachnospirales;f__Lachnospiraceae;g__Tuzzerella,d__Bacteria;p__Firmicutes;c__Bacilli;o__Lactobacillales;f__Lactobacillaceae;g__Limosilactobacillus,d__Bacteria;p__Bacteroidota;c__Bacteroidia;o__Chitinophagales;f__uncultured;g__uncultured,d__Bacteria;p__Firmicutes;c__Clostridia;o__Lachnospirales;f__Lachnospiraceae;g__CAG-56,d__Bacteria;p__Firmicutes;c__Clostridia;o__Lachnospirales;f__Lachnospiraceae;g__Lachnospiraceae_UCG-003,d__Bacteria;p__Synergistota;c__Synergistia;o__Synergistales;f__Synergistaceae;g__Pyramidobacter,d__Bacteria;p__Firmicutes;c__Clostridia;o__Oscillospirales;f__Ruminococcaceae;g__Fournierella,d__Bacteria;p__Actinobacteriota;c__Actinobacteria;o__Bifidobacteriales;f__Bifidobacteriaceae;g__Gardnerella,d__Bacteria;p__Firmicutes;c__Bacilli;o__Erysipelotrichales;f__Erysipelotrichaceae;g__[Clostridium]_innocuum_group,d__Bacteria;p__Firmicutes;c__Clostridia;o__Oscillospirales;f__[Clostridium]_methylpentosum_group;g__[Clostridium]_methylpentosum_group,d__Bacteria;p__Firmicutes;c__Clostridia;o__Oscillospirales;f__Hungateiclostridiaceae;__,d__Bacteria;p__Firmicutes;c__Clostridia;o__Lachnospirales;f__Lachnospiraceae;g__[Eubacterium]_fissicatena_group,d__Bacteria;p__Firmicutes;c__Negativicutes;o__Veillonellales-Selenomonadales;f__Veillonellaceae;__,d__Bacteria;p__Firmicutes;c__Clostridia;o__Lachnospirales;f__Lachnospiraceae;g__[Ruminococcus]_gauvreauii_group,d__Bacteria;p__Firmicutes;c__Clostridia;o__Lachnospirales;f__Lachnospiraceae;g__CHKCI001,d__Bacteria;p__Firmicutes;c__Negativicutes;o__Veillonellales-Selenomonadales;f__Veillonellaceae;g__Veillonellaceae,d__Bacteria;p__Firmicutes;c__Clostridia;o__Oscillospirales;f__Ruminococcaceae;g__Phocea,d__Bacteria;p__Proteobacteria;c__Alphaproteobacteria;o__Rhizobiales;f__Rhizobiaceae;g__Ochrobactrum,d__Bacteria;p__Firmicutes;c__Clostridia;o__Oscillospirales;f__Butyricicoccaceae;g__uncultured,d__Bacteria;p__Firmicutes;c__Clostridia;o__Lachnospirales;f__Lachnospiraceae;g__Hungatella,d__Bacteria;p__Actinobacteriota;c__Coriobacteriia;o__Coriobacteriales;f__Atopobiaceae;g__Atopobiaceae,d__Bacteria;p__Campylobacterota;c__Campylobacteria;o__Campylobacterales;f__Campylobacteraceae;g__Campylobacter,d__Bacteria;p__Bacteroidota;c__Bacteroidia;o__Bacteroidales;f__Prevotellaceae;g__Prevotella_7,d__Bacteria;p__Firmicutes;c__Clostridia;o__Lachnospirales;f__Lachnospiraceae;g__[Eubacterium]_xylanophilum_group,d__Bacteria;p__Firmicutes;c__Bacilli;o__Erysipelotrichales;f__Erysipelotrichaceae;g__Solobacterium,d__Bacteria;p__Firmicutes;c__Clostridia;o__Oscillospirales;f__Ruminococcaceae;g__Anaerofilum,d__Bacteria;p__Actinobacteriota;c__Coriobacteriia;o__Coriobacteriales;f__Atopobiaceae;g__Coriobacteriaceae_UCG-003,d__Bacteria;p__Firmicutes;c__Clostridia;o__Peptostreptococcales-Tissierellales;f__Peptostreptococcaceae;g__Asaccharospora,d__Bacteria;p__Firmicutes;c__Bacilli;o__Bacillales;f__Bacillaceae;g__Bacillaceae,d__Bacteria;p__Firmicutes;c__Clostridia;o__Peptostreptococcales-Tissierellales;f__Family_XI;g__Peptoniphilus,d__Bacteria;p__Firmicutes;c__Clostridia;o__Christensenellales;f__Christensenellaceae;g__Catabacter,d__Bacteria;p__Firmicutes;c__Clostridia;o__Oscillospirales;f__Ruminococcaceae;g__DTU089,d__Bacteria;p__Bacteroidota;c__Bacteroidia;o__Bacteroidales;f__Prevotellaceae;g__Prevotellaceae_UCG-001,d__Bacteria;p__Actinobacteriota;c__Actinobacteria;o__Corynebacteriales;f__Corynebacteriaceae;g__Corynebacterium,d__Bacteria;p__Firmicutes;c__Bacilli;o__Lactobacillales;f__Lactobacillaceae;g__Leuconostoc,d__Bacteria;p__Bacteroidota;c__Bacteroidia;o__Bacteroidales;f__Marinifilaceae;g__Sanguibacteroides,d__Bacteria;p__Verrucomicrobiota;c__Lentisphaeria;o__Victivallales;f__Victivallaceae;g__Victivallaceae,d__Bacteria;p__Firmicutes;c__Clostridia;o__Oscillospirales;f__Ruminococcaceae;g__CAG-352,d__Bacteria;p__Firmicutes;c__Clostridia;o__Peptostreptococcales-Tissierellales;f__Peptostreptococcaceae;g__Peptostreptococcus,d__Bacteria;p__Firmicutes;c__Bacilli;o__Bacillales;f__Bacillaceae;g__Bacillus,d__Bacteria;p__Actinobacteriota;c__Coriobacteriia;o__Coriobacteriales;f__Eggerthellaceae;__,d__Bacteria;p__Spirochaetota;c__Spirochaetia;o__Spirochaetales;f__Spirochaetaceae;__,d__Bacteria;p__Actinobacteriota;c__Coriobacteriia;o__Coriobacteriales;f__Coriobacteriales_Incertae_Sedis;g__uncultured,d__Bacteria;p__Proteobacteria;c__Gammaproteobacteria;o__Burkholderiales;f__Sutterellaceae;g__Sutterellaceae,d__Bacteria;p__Firmicutes;c__Clostridia;o__Oscillospirales;f__Oscillospirales;g__Hydrogenoanaerobacterium,d__Bacteria;p__Firmicutes;c__Bacilli;o__Bacillales;f__Bacillaceae;g__Anoxybacillus,d__Bacteria;p__Actinobacteriota;c__Actinobacteria;o__Corynebacteriales;f__Corynebacteriaceae;g__Lawsonella,d__Bacteria;p__Actinobacteriota;c__Coriobacteriia;o__Coriobacteriales;f__Atopobiaceae;g__Atopobium,d__Bacteria;p__Firmicutes;c__Bacilli;o__Lactobacillales;__;__,d__Bacteria;p__Firmicutes;c__Clostridia;o__Oscillospirales;f__Hungateiclostridiaceae;g__uncultured,d__Bacteria;p__Actinobacteriota;c__Coriobacteriia;o__Coriobacteriales;f__Eggerthellaceae;g__Gordonibacter,d__Bacteria;p__Proteobacteria;c__Gammaproteobacteria;o__Enterobacterales;f__Hafniaceae;g__Hafnia-Obesumbacterium,d__Bacteria;p__Firmicutes;c__Clostridia;o__Lachnospirales;f__Lachnospiraceae;g__Shuttleworthia,d__Bacteria;p__Firmicutes;c__Bacilli;o__Izemoplasmatales;f__Izemoplasmatales;g__Izemoplasmatales,d__Bacteria;p__Firmicutes;c__Clostridia;o__Lachnospirales;f__Lachnospiraceae;g__Lachnospiraceae_UCG-008,d__Bacteria;p__Firmicutes;c__Clostridia;o__Lachnospirales;f__Lachnospiraceae;g__Lachnospiraceae_UCG-001,d__Bacteria;p__Proteobacteria;c__Gammaproteobacteria;o__Burkholderiales;f__Comamonadaceae;g__Delftia,d__Bacteria;p__Firmicutes;c__Bacilli;o__Paenibacillales;f__Paenibacillaceae;g__Paenibacillus,d__Bacteria;p__Actinobacteriota;c__Actinobacteria;o__Actinomycetales;f__Actinomycetaceae;g__F0332,d__Bacteria;p__Firmicutes;c__Clostridia;o__Oscillospirales;f__Ruminococcaceae;g__Caproiciproducens,d__Bacteria;p__Firmicutes;c__Bacilli;o__Lactobacillales;f__Lactobacillaceae;g__HT002,d__Bacteria;p__Firmicutes;c__Clostridia;o__Lachnospirales;f__Lachnospiraceae;g__Howardella,d__Bacteria;p__Firmicutes;c__Clostridia;o__Peptostreptococcales-Tissierellales;f__Peptostreptococcaceae;g__Paeniclostridium,d__Bacteria;p__Chloroflexi;c__Chloroflexia;o__Thermomicrobiales;f__JG30-KF-CM45;g__JG30-KF-CM45,d__Bacteria;p__Actinobacteriota;c__Actinobacteria;o__Bifidobacteriales;f__Bifidobacteriaceae;g__uncultured,d__Bacteria;p__Firmicutes;c__Negativicutes;o__Veillonellales-Selenomonadales;f__Veillonellaceae;g__Negativicoccus,d__Bacteria;p__Proteobacteria;c__Gammaproteobacteria;o__Enterobacterales;f__Enterobacteriaceae;g__Aquamonas,d__Bacteria;p__Proteobacteria;c__Gammaproteobacteria;o__Enterobacterales;f__Pasteurellaceae;g__Conservatibacter,d__Bacteria;p__Firmicutes;c__Clostridia;o__Lachnospirales;f__Lachnospiraceae;g__Lachnospiraceae_UCG-007,d__Bacteria;p__Firmicutes;c__Negativicutes;o__Veillonellales-Selenomonadales;f__Selenomonadaceae;__,d__Bacteria;p__Firmicutes;c__Clostridia;o__Peptostreptococcales-Tissierellales;f__Family_XI;g__Anaerococcus,d__Bacteria;p__Firmicutes;c__Clostridia;o__Oscillospirales;f__Oscillospiraceae;g__Oscillospiraceae,d__Bacteria;p__Firmicutes;c__uncultured;o__uncultured;f__uncultured;g__uncultured,d__Bacteria;p__Firmicutes;c__Bacilli;o__Erysipelotrichales;f__Erysipelotrichaceae;g__Catenisphaera,d__Bacteria;p__Firmicutes;c__Bacilli;o__Erysipelotrichales;f__Erysipelotrichaceae;__,d__Bacteria;p__Firmicutes;c__Clostridia;o__Lachnospirales;f__Lachnospiraceae;g__[Ruminococcus]_gnavus_group,d__Bacteria;p__Proteobacteria;c__Gammaproteobacteria;o__Burkholderiales;__;__,d__Bacteria;p__Firmicutes;c__Bacilli;o__Bacillales;f__Bacillaceae;g__Anaerobacillus,d__Bacteria;p__Firmicutes;c__Clostridia;o__Lachnospirales;f__Lachnospiraceae;g__GCA-900066755,d__Bacteria;p__Actinobacteriota;c__Coriobacteriia;o__Coriobacteriales;f__Coriobacteriaceae;g__Enorma,d__Bacteria;p__Proteobacteria;c__Gammaproteobacteria;o__Enterobacterales;f__Morganellaceae;g__Providencia,d__Bacteria;p__Firmicutes;c__Clostridia;o__Caldicoprobacterales;f__Caldicoprobacteraceae;g__Caldicoprobacter,d__Bacteria;p__Proteobacteria;c__Gammaproteobacteria;o__Enterobacterales;f__Enterobacteriaceae;g__Enterobacter,d__Bacteria;p__Firmicutes;c__Clostridia;o__Lachnospirales;f__Lachnospiraceae;g__Frisingicoccus,d__Bacteria;p__Bacteroidota;c__Bacteroidia;o__Bacteroidales;f__uncultured;g__uncultured,d__Bacteria;p__Firmicutes;c__Bacilli;o__Bacillales;f__Planococcaceae;g__Lysinibacillus,d__Bacteria;p__Firmicutes;c__Clostridia;o__Oscillospirales;f__UCG-011;g__UCG-011,d__Bacteria;p__Firmicutes;c__Clostridia;o__Clostridiales;f__Clostridiaceae;g__Clostridium_sensu_stricto_3,d__Bacteria;p__Firmicutes;c__Clostridia;o__Christensenellales;f__Christensenellaceae;g__Christensenella,d__Bacteria;p__Firmicutes;c__Clostridia;o__Peptostreptococcales-Tissierellales;f__Anaerovoracaceae;g__Anaerovorax,d__Bacteria;p__Actinobacteriota;c__Coriobacteriia;o__Coriobacteriales;f__Eggerthellaceae;g__CHKCI002,d__Bacteria;p__Firmicutes;c__Bacilli;o__Lactobacillales;f__Lactobacillaceae;g__Lactiplantibacillus,d__Bacteria;p__Firmicutes;c__Clostridia;o__Peptostreptococcales-Tissierellales;f__Family_XI;g__Fenollaria,group
ERR2585962,13627.0,475.0,1490.0,2269.0,0.0,40.0,13138.0,191.0,0.0,203.0,0.0,775.0,22.0,367.0,0.0,1937.0,32.0,0.0,12.0,0.0,0.0,1811.0,16.0,1152.0,0.0,2.0,192.0,0.0,1848.0,0.0,709.0,314.0,0.0,0.0,3231.0,101.0,64.0,0.0,2.0,1022.0,393.0,1493.0,1389.0,22.0,157.0,0.0,630.0,0.0,2.0,688.0,19.0,0.0,0.0,161.0,773.0,1274.0,158.0,86.0,0.0,5.0,4.0,3.0,2108.0,0.0,0.0,7581.0,5.0,43.0,262.0,0.0,62.0,7.0,0.0,295.0,22.0,0.0,121.0,1511.0,65.0,0.0,16.0,0.0,0.0,13.0,0.0,0.0,0.0,29.0,0.0,7.0,0.0,283.0,0.0,0.0,21.0,0.0,0.0,0.0,0.0,0.0,182.0,7.0,736.0,0.0,0.0,0.0,0.0,57.0,0.0,0.0,2273.0,12.0,812.0,0.0,0.0,0.0,14.0,0.0,439.0,207.0,1667.0,0.0,0.0,0.0,0.0,662.0,0.0,32.0,0.0,13.0,0.0,6.0,0.0,139.0,0.0,199.0,0.0,0.0,51.0,0.0,0.0,34.0,250.0,754.0,150.0,5.0,0.0,0.0,0.0,0.0,0.0,0.0,6.0,0.0,12.0,330.0,6.0,0.0,0.0,16.0,0.0,0.0,0.0,0.0,0.0,0.0,0.0,0.0,0.0,0.0,21.0,0.0,17.0,0.0,0.0,0.0,4.0,0.0,3.0,0.0,17.0,0.0,0.0,0.0,0.0,0.0,0.0,0.0,0.0,0.0,104.0,259.0,259.0,13.0,680.0,0.0,28.0,0.0,0.0,0.0,0.0,97.0,0.0,0.0,0.0,0.0,0.0,0.0,0.0,0.0,0.0,0.0,0.0,10.0,0.0,0.0,0.0,0.0,198.0,0.0,97.0,0.0,3.0,0.0,0.0,0.0,0.0,199.0,0.0,0.0,0.0,0.0,0.0,0.0,0.0,0.0,0.0,40.0,0.0,0.0,0.0,0.0,0.0,0.0,0.0,29.0,0.0,0.0,0.0,0.0,0.0,0.0,0.0,0.0,0.0,0.0,53.0,0.0,0.0,0.0,0.0,0.0,0.0,0.0,0.0,0.0,28.0,0.0,0.0,0.0,0.0,0.0,0.0,0.0,0.0,21.0,0.0,0.0,0.0,0.0,0.0,0.0,0.0,0.0,0.0,0.0,0.0,10.0,11.0,35.0,0.0,0.0,0.0,0.0,0.0,0.0,0.0,0.0,0.0,0.0,0.0,0.0,0.0,0.0,0.0,0.0,0.0,endo
ERR2585963,8772.0,40.0,2077.0,0.0,5.0,39.0,7609.0,209.0,0.0,601.0,47.0,1205.0,0.0,177.0,55.0,510.0,4.0,0.0,0.0,0.0,0.0,2910.0,11.0,2655.0,0.0,0.0,364.0,267.0,388.0,7513.0,251.0,340.0,0.0,4504.0,5546.0,546.0,95.0,17.0,3.0,0.0,1466.0,181.0,1739.0,21.0,636.0,0.0,994.0,0.0,0.0,16.0,0.0,1475.0,0.0,1411.0,1073.0,1939.0,133.0,105.0,2.0,31.0,16.0,5.0,2552.0,0.0,0.0,85.0,0.0,142.0,508.0,0.0,0.0,2.0,4.0,194.0,16.0,0.0,20.0,185.0,159.0,0.0,146.0,0.0,669.0,101.0,0.0,0.0,0.0,46.0,293.0,0.0,6.0,207.0,0.0,0.0,98.0,19.0,0.0,20.0,251.0,0.0,17.0,0.0,161.0,13.0,0.0,123.0,0.0,0.0,9.0,47.0,971.0,0.0,4.0,0.0,0.0,0.0,41.0,0.0,1623.0,219.0,0.0,0.0,0.0,19.0,0.0,142.0,0.0,3.0,8.0,52.0,0.0,0.0,0.0,823.0,0.0,0.0,0.0,35.0,0.0,4562.0,0.0,11.0,0.0,197.0,119.0,68.0,0.0,0.0,117.0,0.0,0.0,0.0,0.0,0.0,0.0,63.0,6.0,164.0,0.0,12.0,39.0,0.0,0.0,0.0,0.0,70.0,0.0,0.0,0.0,0.0,0.0,0.0,7.0,0.0,0.0,0.0,125.0,0.0,0.0,0.0,0.0,10.0,0.0,0.0,0.0,0.0,25.0,0.0,0.0,0.0,20.0,61.0,47.0,25.0,0.0,0.0,0.0,0.0,0.0,0.0,0.0,0.0,0.0,0.0,0.0,0.0,0.0,0.0,0.0,0.0,0.0,0.0,0.0,13.0,439.0,139.0,0.0,0.0,0.0,0.0,0.0,0.0,4.0,0.0,0.0,8.0,0.0,0.0,0.0,0.0,0.0,0.0,0.0,0.0,0.0,0.0,0.0,40.0,0.0,5.0,0.0,0.0,0.0,0.0,4.0,0.0,0.0,0.0,0.0,0.0,0.0,1950.0,0.0,0.0,2.0,0.0,0.0,0.0,0.0,0.0,0.0,0.0,0.0,0.0,0.0,0.0,0.0,2.0,0.0,0.0,0.0,0.0,0.0,0.0,14.0,0.0,0.0,0.0,0.0,0.0,0.0,0.0,0.0,0.0,0.0,0.0,0.0,0.0,0.0,11.0,0.0,0.0,7.0,0.0,0.0,0.0,0.0,7.0,0.0,0.0,0.0,0.0,0.0,0.0,0.0,0.0,0.0,endo
ERR2585964,4911.0,196.0,1100.0,3253.0,7.0,22.0,12841.0,174.0,0.0,129.0,11.0,3046.0,0.0,37.0,7.0,772.0,0.0,0.0,0.0,0.0,0.0,1081.0,2.0,83.0,0.0,0.0,274.0,871.0,858.0,0.0,146.0,102.0,0.0,222.0,903.0,10.0,34.0,0.0,0.0,0.0,315.0,563.0,2851.0,0.0,28.0,0.0,41.0,0.0,5.0,548.0,0.0,0.0,0.0,1307.0,450.0,442.0,0.0,37.0,0.0,3.0,0.0,0.0,1195.0,1657.0,0.0,3170.0,0.0,245.0,359.0,0.0,0.0,0.0,0.0,51.0,12.0,0.0,69.0,945.0,37.0,0.0,0.0,0.0,0.0,3.0,0.0,0.0,0.0,20.0,464.0,0.0,0.0,38.0,0.0,0.0,0.0,0.0,0.0,0.0,0.0,0.0,12.0,34.0,759.0,17.0,0.0,30.0,0.0,116.0,0.0,0.0,968.0,0.0,58.0,0.0,0.0,0.0,3.0,0.0,13.0,134.0,0.0,0.0,37.0,0.0,5065.0,137.0,0.0,0.0,3.0,0.0,0.0,0.0,0.0,20.0,0.0,0.0,0.0,0.0,6177.0,0.0,0.0,74.0,0.0,504.0,25.0,0.0,0.0,0.0,371.0,0.0,0.0,0.0,0.0,0.0,0.0,377.0,0.0,36.0,0.0,29.0,17.0,0.0,0.0,0.0,0.0,0.0,0.0,0.0,0.0,2.0,582.0,0.0,0.0,0.0,0.0,64.0,47.0,0.0,0.0,0.0,0.0,0.0,0.0,0.0,0.0,0.0,184.0,0.0,0.0,0.0,183.0,6.0,291.0,42.0,0.0,0.0,64.0,0.0,19.0,0.0,0.0,95.0,0.0,0.0,0.0,0.0,0.0,2.0,0.0,0.0,0.0,0.0,0.0,0.0,0.0,0.0,0.0,307.0,107.0,0.0,0.0,0.0,0.0,0.0,0.0,0.0,2.0,28.0,0.0,0.0,0.0,0.0,68.0,0.0,0.0,3.0,0.0,40.0,0.0,0.0,0.0,0.0,0.0,0.0,0.0,0.0,0.0,2.0,0.0,0.0,0.0,0.0,0.0,0.0,0.0,0.0,6.0,0.0,0.0,0.0,0.0,0.0,0.0,0.0,0.0,0.0,0.0,0.0,0.0,15.0,0.0,0.0,0.0,0.0,0.0,38.0,0.0,0.0,0.0,0.0,0.0,0.0,0.0,0.0,0.0,0.0,0.0,0.0,0.0,0.0,0.0,0.0,0.0,0.0,0.0,0.0,1863.0,0.0,441.0,0.0,0.0,0.0,0.0,0.0,0.0,0.0,0.0,endo
ERR2585965,21782.0,226.0,1297.0,304.0,142.0,13.0,5530.0,457.0,0.0,256.0,53.0,932.0,0.0,111.0,27.0,1554.0,0.0,0.0,11.0,8.0,0.0,5204.0,85.0,2974.0,0.0,0.0,129.0,236.0,3735.0,0.0,706.0,672.0,34.0,0.0,0.0,270.0,414.0,4.0,2.0,1469.0,169.0,2253.0,1473.0,0.0,98.0,0.0,126.0,0.0,0.0,14.0,0.0,0.0,0.0,819.0,5752.0,1349.0,244.0,1498.0,0.0,12.0,192.0,0.0,1182.0,0.0,0.0,0.0,94.0,2297.0,109.0,0.0,0.0,0.0,0.0,44.0,0.0,0.0,225.0,2238.0,427.0,0.0,29.0,0.0,0.0,119.0,0.0,0.0,287.0,304.0,102.0,0.0,0.0,45.0,0.0,76.0,52.0,0.0,0.0,73.0,0.0,2.0,186.0,80.0,442.0,0.0,22.0,19.0,0.0,0.0,29.0,31.0,206.0,0.0,286.0,0.0,0.0,0.0,12.0,0.0,145.0,18.0,15.0,0.0,0.0,0.0,0.0,452.0,0.0,17.0,40.0,52.0,0.0,0.0,0.0,269.0,0.0,0.0,0.0,10.0,0.0,244.0,0.0,11.0,0.0,1100.0,98.0,24.0,0.0,0.0,50.0,6.0,0.0,0.0,0.0,0.0,0.0,300.0,46.0,39.0,0.0,4.0,152.0,0.0,0.0,3.0,0.0,0.0,0.0,96.0,0.0,0.0,59.0,8.0,440.0,0.0,0.0,9.0,8.0,0.0,0.0,0.0,0.0,152.0,0.0,3.0,267.0,0.0,748.0,0.0,0.0,0.0,482.0,177.0,490.0,5.0,0.0,0.0,0.0,0.0,12.0,0.0,0.0,152.0,0.0,0.0,0.0,0.0,0.0,5.0,0.0,0.0,0.0,2.0,2.0,0.0,0.0,0.0,0.0,0.0,0.0,0.0,350.0,0.0,0.0,0.0,0.0,0.0,0.0,0.0,0.0,0.0,3.0,0.0,0.0,0.0,0.0,0.0,0.0,700.0,0.0,11.0,0.0,0.0,0.0,0.0,0.0,43.0,0.0,0.0,0.0,0.0,0.0,0.0,0.0,0.0,0.0,0.0,0.0,0.0,0.0,0.0,0.0,0.0,0.0,0.0,2.0,0.0,0.0,562.0,0.0,190.0,0.0,0.0,0.0,0.0,0.0,0.0,0.0,0.0,0.0,0.0,0.0,0.0,0.0,0.0,0.0,0.0,0.0,0.0,0.0,0.0,0.0,0.0,0.0,0.0,0.0,0.0,0.0,0.0,0.0,0.0,0.0,8.0,0.0,0.0,0.0,0.0,0.0,endo
ERR2585966,384.0,0.0,5.0,71.0,0.0,0.0,28.0,0.0,0.0,0.0,0.0,14.0,0.0,2.0,0.0,20.0,0.0,0.0,5.0,0.0,0.0,80.0,0.0,0.0,0.0,0.0,0.0,39.0,0.0,83.0,16.0,0.0,0.0,0.0,5.0,0.0,0.0,0.0,0.0,5.0,0.0,0.0,29.0,0.0,0.0,0.0,0.0,0.0,6.0,0.0,0.0,0.0,0.0,0.0,0.0,0.0,0.0,0.0,0.0,0.0,0.0,0.0,10.0,0.0,0.0,5.0,0.0,0.0,0.0,0.0,0.0,0.0,0.0,76737.0,50.0,0.0,0.0,0.0,0.0,0.0,0.0,0.0,0.0,0.0,0.0,0.0,0.0,0.0,8.0,0.0,0.0,2.0,0.0,0.0,0.0,0.0,0.0,0.0,0.0,0.0,0.0,133.0,0.0,0.0,0.0,0.0,0.0,0.0,0.0,0.0,0.0,0.0,0.0,0.0,0.0,0.0,0.0,0.0,0.0,13051.0,0.0,0.0,4.0,0.0,2426.0,3864.0,0.0,0.0,0.0,0.0,0.0,0.0,0.0,0.0,0.0,0.0,0.0,0.0,9.0,0.0,0.0,0.0,0.0,0.0,0.0,0.0,0.0,0.0,0.0,0.0,0.0,0.0,0.0,95.0,6.0,23.0,0.0,0.0,0.0,27.0,0.0,0.0,0.0,0.0,0.0,0.0,0.0,0.0,0.0,0.0,0.0,0.0,0.0,0.0,5.0,596.0,1031.0,0.0,0.0,0.0,0.0,0.0,0.0,0.0,0.0,0.0,0.0,0.0,0.0,5.0,262.0,4.0,0.0,0.0,0.0,4.0,77.0,0.0,39.0,0.0,0.0,0.0,0.0,0.0,0.0,0.0,0.0,0.0,0.0,6.0,0.0,0.0,0.0,0.0,0.0,0.0,0.0,0.0,0.0,0.0,0.0,147.0,0.0,0.0,0.0,0.0,0.0,0.0,0.0,19.0,0.0,9.0,0.0,0.0,0.0,281.0,0.0,0.0,4.0,0.0,0.0,0.0,5.0,63.0,0.0,0.0,0.0,7.0,0.0,0.0,0.0,0.0,62.0,14.0,0.0,0.0,0.0,0.0,0.0,0.0,13.0,0.0,0.0,0.0,0.0,0.0,0.0,0.0,0.0,0.0,9.0,5.0,0.0,0.0,0.0,0.0,119.0,2.0,0.0,10.0,0.0,0.0,0.0,0.0,24.0,0.0,0.0,0.0,0.0,0.0,0.0,9.0,0.0,0.0,0.0,0.0,0.0,0.0,2.0,31.0,0.0,0.0,0.0,0.0,0.0,0.0,0.0,endo
ERR2585967,17680.0,2358.0,1965.0,1425.0,137.0,23.0,6244.0,130.0,0.0,302.0,17.0,1721.0,0.0,263.0,72.0,1647.0,361.0,0.0,3.0,0.0,1079.0,2118.0,20.0,1705.0,2.0,0.0,405.0,1290.0,1347.0,0.0,487.0,407.0,0.0,682.0,5169.0,40.0,63.0,38.0,4.0,0.0,851.0,978.0,509.0,0.0,168.0,0.0,928.0,2.0,2.0,906.0,10.0,0.0,0.0,276.0,2651.0,2899.0,85.0,144.0,0.0,11.0,16.0,7.0,874.0,3661.0,0.0,1942.0,40.0,777.0,345.0,0.0,0.0,4.0,0.0,105.0,0.0,0.0,69.0,2276.0,147.0,6.0,22.0,2.0,0.0,19.0,0.0,0.0,20.0,70.0,203.0,6.0,0.0,180.0,0.0,0.0,0.0,8.0,0.0,0.0,0.0,0.0,90.0,0.0,2216.0,11.0,0.0,21.0,57.0,93.0,15.0,8.0,2289.0,26.0,824.0,0.0,0.0,0.0,25.0,0.0,136.0,77.0,0.0,0.0,15.0,0.0,3.0,9.0,0.0,18.0,0.0,10.0,6.0,0.0,2.0,204.0,0.0,0.0,0.0,0.0,0.0,930.0,0.0,26.0,0.0,234.0,137.0,0.0,0.0,0.0,0.0,0.0,0.0,0.0,0.0,0.0,3.0,268.0,37.0,39.0,0.0,0.0,130.0,0.0,0.0,12.0,0.0,0.0,0.0,0.0,0.0,0.0,0.0,0.0,47.0,0.0,0.0,0.0,0.0,0.0,0.0,0.0,0.0,6.0,0.0,20.0,40.0,0.0,75.0,0.0,0.0,0.0,467.0,53.0,181.0,51.0,0.0,0.0,21.0,0.0,0.0,0.0,0.0,1222.0,10.0,0.0,0.0,7.0,19.0,0.0,6.0,0.0,0.0,0.0,0.0,0.0,0.0,0.0,0.0,86.0,0.0,15.0,0.0,0.0,0.0,0.0,0.0,0.0,0.0,32.0,0.0,0.0,4.0,0.0,69.0,0.0,0.0,0.0,2214.0,181.0,0.0,10.0,85.0,0.0,0.0,0.0,0.0,4.0,0.0,0.0,0.0,11.0,0.0,1681.0,0.0,0.0,0.0,0.0,0.0,0.0,0.0,0.0,0.0,0.0,0.0,0.0,0.0,0.0,0.0,0.0,0.0,58.0,0.0,0.0,0.0,0.0,0.0,6.0,0.0,0.0,0.0,0.0,0.0,0.0,0.0,0.0,0.0,0.0,0.0,0.0,0.0,0.0,0.0,0.0,0.0,0.0,0.0,0.0,0.0,0.0,0.0,0.0,2.0,0.0,0.0,0.0,0.0,0.0,0.0,endo
ERR2585968,79.0,111.0,1318.0,5316.0,0.0,58.0,9564.0,286.0,0.0,408.0,118.0,214.0,0.0,110.0,12.0,2237.0,389.0,2.0,0.0,0.0,0.0,37.0,2.0,34.0,0.0,0.0,58.0,159.0,3506.0,7806.0,316.0,816.0,0.0,4639.0,5284.0,213.0,184.0,92.0,0.0,0.0,198.0,1167.0,1034.0,137.0,28.0,133.0,160.0,0.0,2.0,0.0,0.0,1010.0,1266.0,213.0,4762.0,287.0,110.0,651.0,0.0,121.0,526.0,0.0,2172.0,457.0,304.0,5263.0,136.0,397.0,450.0,0.0,0.0,2.0,0.0,33.0,0.0,0.0,132.0,519.0,1602.0,0.0,0.0,2.0,0.0,30.0,0.0,0.0,1043.0,165.0,34.0,6.0,0.0,0.0,3260.0,6.0,0.0,0.0,0.0,0.0,802.0,0.0,34.0,2.0,472.0,59.0,37.0,3.0,0.0,33.0,2.0,14.0,1397.0,37.0,541.0,326.0,30.0,374.0,25.0,1766.0,0.0,13.0,28.0,0.0,0.0,0.0,1432.0,1362.0,0.0,0.0,0.0,4.0,0.0,0.0,0.0,285.0,0.0,238.0,1411.0,0.0,0.0,926.0,137.0,0.0,0.0,224.0,0.0,42.0,0.0,0.0,0.0,0.0,0.0,0.0,0.0,0.0,0.0,255.0,167.0,302.0,0.0,7.0,0.0,19.0,36.0,2.0,3.0,0.0,28.0,94.0,0.0,0.0,546.0,0.0,106.0,0.0,0.0,98.0,67.0,899.0,0.0,14.0,0.0,0.0,0.0,0.0,22.0,0.0,23.0,0.0,0.0,0.0,417.0,62.0,655.0,26.0,973.0,0.0,10.0,1223.0,354.0,0.0,0.0,154.0,0.0,0.0,0.0,0.0,0.0,0.0,0.0,0.0,0.0,0.0,0.0,0.0,0.0,0.0,0.0,42.0,0.0,0.0,206.0,0.0,0.0,0.0,0.0,0.0,0.0,191.0,0.0,0.0,0.0,0.0,844.0,0.0,0.0,3.0,505.0,21.0,15.0,0.0,0.0,0.0,0.0,0.0,0.0,0.0,0.0,7.0,0.0,0.0,0.0,0.0,0.0,0.0,0.0,3.0,0.0,0.0,0.0,20.0,0.0,0.0,0.0,0.0,0.0,0.0,0.0,147.0,0.0,0.0,0.0,0.0,0.0,0.0,0.0,34.0,0.0,0.0,0.0,0.0,0.0,0.0,0.0,0.0,0.0,0.0,0.0,7.0,0.0,0.0,0.0,0.0,0.0,0.0,0.0,0.0,0.0,0.0,0.0,0.0,0.0,0.0,0.0,0.0,0.0,0.0,0.0,endo
ERR2585969,9446.0,223.0,1807.0,5342.0,19.0,23.0,6360.0,96.0,0.0,317.0,94.0,527.0,0.0,355.0,7.0,1094.0,0.0,0.0,10.0,0.0,347.0,463.0,10.0,3781.0,0.0,0.0,97.0,171.0,4091.0,3516.0,244.0,1746.0,0.0,0.0,12617.0,84.0,162.0,7.0,0.0,7991.0,2125.0,4040.0,402.0,1073.0,296.0,0.0,53.0,0.0,0.0,0.0,0.0,0.0,0.0,53.0,2036.0,923.0,355.0,828.0,0.0,8.0,25.0,0.0,1556.0,0.0,0.0,1585.0,80.0,1134.0,407.0,0.0,0.0,2.0,0.0,2822.0,0.0,0.0,400.0,513.0,227.0,0.0,6.0,0.0,0.0,24.0,0.0,0.0,509.0,186.0,4.0,0.0,0.0,284.0,0.0,0.0,0.0,0.0,6.0,0.0,0.0,0.0,0.0,13.0,3009.0,9.0,0.0,0.0,27.0,0.0,7.0,23.0,988.0,0.0,2217.0,0.0,0.0,0.0,13.0,0.0,1897.0,108.0,0.0,12.0,110.0,0.0,0.0,1589.0,0.0,0.0,55.0,13.0,0.0,0.0,0.0,73.0,0.0,0.0,726.0,6.0,0.0,30.0,0.0,30.0,0.0,39.0,365.0,136.0,0.0,0.0,282.0,0.0,0.0,3.0,0.0,0.0,0.0,292.0,13.0,11.0,0.0,16.0,39.0,0.0,0.0,7.0,0.0,0.0,0.0,0.0,0.0,0.0,183.0,0.0,956.0,0.0,0.0,74.0,12.0,0.0,4.0,0.0,23.0,0.0,6.0,0.0,0.0,0.0,13.0,0.0,0.0,0.0,722.0,419.0,615.0,23.0,0.0,0.0,0.0,0.0,27.0,0.0,0.0,255.0,41.0,0.0,0.0,23.0,0.0,0.0,0.0,0.0,0.0,0.0,0.0,0.0,0.0,6.0,0.0,144.0,0.0,0.0,141.0,0.0,0.0,0.0,0.0,0.0,0.0,74.0,0.0,0.0,4.0,0.0,0.0,0.0,2.0,0.0,0.0,35.0,0.0,8.0,0.0,0.0,0.0,0.0,0.0,17.0,0.0,0.0,0.0,0.0,0.0,0.0,0.0,0.0,0.0,0.0,0.0,0.0,0.0,0.0,0.0,0.0,0.0,0.0,0.0,0.0,0.0,46.0,0.0,0.0,0.0,0.0,0.0,0.0,0.0,0.0,0.0,0.0,0.0,0.0,0.0,0.0,0.0,0.0,0.0,0.0,0.0,0.0,0.0,0.0,0.0,0.0,0.0,0.0,0.0,0.0,0.0,0.0,0.0,0.0,0.0,0.0,0.0,6.0,0.0,0.0,0.0,endo
ERR2585970,9537.0,789.0,861.0,3380.0,58.0,36.0,11596.0,30.0,0.0,551.0,36.0,1412.0,0.0,390.0,7.0,3556.0,0.0,2.0,28.0,0.0,0.0,127.0,0.0,1837.0,0.0,0.0,141.0,168.0,3178.0,1234.0,224.0,386.0,0.0,0.0,332.0,41.0,5.0,0.0,0.0,700.0,689.0,167.0,2083.0,0.0,204.0,0.0,1790.0,0.0,15.0,62.0,0.0,0.0,0.0,63.0,1077.0,1033.0,46.0,29.0,0.0,2.0,0.0,0.0,3767.0,0.0,0.0,0.0,0.0,476.0,1283.0,0.0,0.0,0.0,0.0,671.0,0.0,0.0,129.0,3042.0,381.0,0.0,28.0,0.0,0.0,7.0,0.0,0.0,9.0,52.0,154.0,3.0,0.0,158.0,0.0,11.0,47.0,4.0,0.0,0.0,841.0,0.0,251.0,434.0,2168.0,0.0,0.0,59.0,0.0,0.0,0.0,15.0,4507.0,0.0,0.0,0.0,0.0,0.0,5.0,0.0,128.0,1253.0,0.0,0.0,7.0,0.0,0.0,0.0,7684.0,0.0,4.0,7.0,0.0,6.0,2.0,200.0,0.0,78.0,0.0,0.0,0.0,0.0,0.0,20.0,367.0,171.0,153.0,5.0,0.0,0.0,0.0,0.0,0.0,0.0,0.0,0.0,190.0,945.0,0.0,0.0,0.0,7.0,0.0,0.0,0.0,0.0,0.0,0.0,0.0,16.0,0.0,0.0,0.0,0.0,0.0,0.0,0.0,0.0,14.0,0.0,0.0,0.0,0.0,0.0,0.0,0.0,0.0,0.0,41.0,0.0,0.0,0.0,0.0,42.0,289.0,89.0,0.0,0.0,23.0,0.0,0.0,0.0,0.0,563.0,0.0,0.0,0.0,0.0,0.0,0.0,0.0,0.0,0.0,0.0,0.0,10.0,0.0,0.0,0.0,254.0,0.0,0.0,0.0,0.0,0.0,8.0,0.0,0.0,0.0,114.0,0.0,0.0,3.0,0.0,0.0,0.0,0.0,0.0,0.0,134.0,9.0,0.0,0.0,0.0,0.0,0.0,0.0,5.0,0.0,0.0,0.0,0.0,0.0,0.0,0.0,0.0,0.0,0.0,7.0,0.0,0.0,0.0,0.0,7.0,9.0,0.0,0.0,0.0,0.0,0.0,0.0,782.0,0.0,0.0,0.0,0.0,0.0,0.0,0.0,0.0,0.0,0.0,0.0,0.0,0.0,0.0,0.0,0.0,0.0,0.0,0.0,0.0,0.0,0.0,0.0,0.0,0.0,0.0,0.0,0.0,0.0,0.0,0.0,0.0,0.0,0.0,0.0,0.0,0.0,endo
ERR2585971,228.0,545.0,1378.0,1327.0,12.0,22.0,34719.0,16.0,0.0,138.0,18.0,1367.0,0.0,46.0,15.0,2538.0,0.0,0.0,0.0,0.0,32.0,6556.0,0.0,709.0,0.0,0.0,174.0,319.0,688.0,1671.0,227.0,137.0,0.0,0.0,0.0,12.0,28.0,0.0,0.0,0.0,268.0,358.0,2949.0,43.0,728.0,0.0,287.0,0.0,0.0,0.0,0.0,0.0,553.0,890.0,4557.0,101.0,155.0,0.0,0.0,31.0,0.0,0.0,4660.0,36.0,0.0,9.0,4.0,1116.0,518.0,0.0,221.0,0.0,0.0,325.0,0.0,0.0,91.0,971.0,228.0,0.0,109.0,0.0,0.0,11.0,0.0,0.0,3.0,106.0,64.0,4.0,6.0,8.0,0.0,0.0,0.0,0.0,0.0,0.0,203.0,492.0,0.0,4.0,2747.0,0.0,0.0,0.0,38.0,0.0,0.0,9.0,3336.0,14.0,82.0,66.0,0.0,0.0,28.0,0.0,9.0,56.0,0.0,95.0,0.0,0.0,0.0,1163.0,0.0,0.0,0.0,0.0,0.0,0.0,0.0,754.0,0.0,88.0,0.0,4.0,549.0,27.0,0.0,189.0,7.0,49.0,45.0,2.0,0.0,0.0,0.0,0.0,0.0,0.0,4.0,0.0,15.0,771.0,5.0,0.0,0.0,144.0,0.0,0.0,0.0,0.0,0.0,0.0,0.0,0.0,0.0,0.0,971.0,0.0,0.0,0.0,0.0,0.0,17.0,0.0,0.0,0.0,0.0,0.0,0.0,0.0,0.0,0.0,28.0,0.0,0.0,0.0,594.0,154.0,509.0,16.0,0.0,0.0,0.0,0.0,509.0,0.0,0.0,171.0,0.0,60.0,0.0,0.0,7.0,0.0,0.0,0.0,0.0,0.0,0.0,0.0,0.0,0.0,0.0,58.0,0.0,0.0,0.0,5.0,0.0,0.0,0.0,0.0,0.0,54.0,0.0,0.0,0.0,0.0,0.0,0.0,0.0,0.0,89.0,0.0,0.0,0.0,0.0,0.0,0.0,0.0,0.0,6.0,0.0,0.0,0.0,0.0,0.0,0.0,0.0,0.0,0.0,0.0,28.0,0.0,0.0,0.0,0.0,0.0,0.0,0.0,0.0,0.0,0.0,0.0,0.0,101.0,0.0,0.0,0.0,8.0,7.0,0.0,0.0,0.0,0.0,0.0,0.0,0.0,0.0,2.0,0.0,0.0,0.0,5.0,0.0,0.0,0.0,0.0,0.0,0.0,0.0,0.0,24.0,0.0,0.0,0.0,0.0,0.0,0.0,0.0,0.0,0.0,0.0,endo
ERR2585972,17710.0,545.0,7.0,1966.0,0.0,27.0,12833.0,151.0,0.0,141.0,0.0,2242.0,0.0,130.0,15.0,1206.0,0.0,0.0,35.0,8.0,0.0,2635.0,4.0,864.0,0.0,0.0,128.0,0.0,1684.0,0.0,985.0,50.0,0.0,0.0,0.0,83.0,7.0,55.0,0.0,0.0,835.0,93.0,1032.0,0.0,0.0,0.0,0.0,0.0,14.0,0.0,0.0,0.0,0.0,454.0,694.0,0.0,87.0,0.0,0.0,10.0,12.0,0.0,2647.0,0.0,0.0,0.0,0.0,3.0,125.0,0.0,0.0,8.0,0.0,1895.0,106.0,0.0,8.0,3417.0,70.0,0.0,102.0,83.0,0.0,0.0,0.0,0.0,8.0,9.0,0.0,12.0,15.0,840.0,0.0,3.0,19.0,24.0,19.0,0.0,0.0,0.0,42.0,34.0,1381.0,0.0,0.0,108.0,33.0,0.0,16.0,55.0,1380.0,0.0,19.0,0.0,0.0,0.0,17.0,0.0,0.0,792.0,0.0,0.0,350.0,0.0,0.0,1032.0,0.0,0.0,35.0,0.0,0.0,0.0,0.0,168.0,42.0,0.0,0.0,0.0,0.0,0.0,0.0,228.0,0.0,346.0,0.0,11.0,0.0,4.0,0.0,13.0,0.0,0.0,0.0,0.0,13.0,1194.0,20.0,0.0,0.0,73.0,0.0,0.0,0.0,9.0,0.0,71.0,0.0,0.0,0.0,0.0,2928.0,0.0,0.0,0.0,0.0,809.0,186.0,0.0,5.0,0.0,0.0,0.0,0.0,0.0,0.0,0.0,20.0,0.0,0.0,0.0,464.0,229.0,525.0,11.0,0.0,0.0,0.0,0.0,119.0,0.0,0.0,276.0,0.0,0.0,0.0,0.0,0.0,0.0,0.0,0.0,0.0,0.0,2.0,0.0,0.0,0.0,0.0,0.0,0.0,0.0,14.0,0.0,8.0,0.0,0.0,0.0,0.0,8.0,0.0,0.0,14.0,0.0,236.0,5.0,0.0,0.0,0.0,112.0,0.0,13.0,0.0,0.0,0.0,0.0,0.0,66.0,0.0,0.0,0.0,0.0,0.0,0.0,0.0,0.0,0.0,0.0,0.0,0.0,0.0,0.0,0.0,0.0,0.0,0.0,19.0,0.0,8.0,0.0,0.0,200.0,0.0,0.0,0.0,9.0,0.0,0.0,0.0,0.0,2.0,0.0,0.0,0.0,0.0,0.0,0.0,0.0,0.0,0.0,0.0,17.0,0.0,0.0,0.0,0.0,0.0,0.0,0.0,0.0,0.0,0.0,0.0,0.0,0.0,0.0,0.0,0.0,0.0,endo
ERR2585973,16286.0,306.0,901.0,1569.0,96.0,68.0,16421.0,26.0,0.0,440.0,0.0,882.0,0.0,159.0,16.0,835.0,0.0,0.0,25.0,0.0,0.0,2733.0,0.0,4216.0,0.0,0.0,120.0,879.0,2816.0,0.0,626.0,41.0,0.0,0.0,2070.0,28.0,6.0,0.0,0.0,0.0,718.0,204.0,1996.0,49.0,98.0,0.0,233.0,0.0,6.0,169.0,0.0,0.0,0.0,546.0,1087.0,543.0,157.0,0.0,0.0,3.0,0.0,0.0,2636.0,0.0,0.0,0.0,0.0,273.0,349.0,0.0,0.0,7.0,0.0,63.0,29.0,0.0,165.0,797.0,53.0,0.0,27.0,0.0,0.0,4.0,0.0,0.0,0.0,25.0,350.0,0.0,5.0,497.0,0.0,0.0,37.0,0.0,0.0,0.0,0.0,0.0,321.0,111.0,505.0,0.0,0.0,0.0,0.0,0.0,0.0,8.0,2442.0,0.0,23.0,0.0,0.0,0.0,0.0,0.0,1238.0,154.0,0.0,0.0,161.0,0.0,0.0,245.0,0.0,63.0,5.0,9.0,0.0,0.0,0.0,99.0,0.0,64.0,0.0,0.0,12.0,3.0,0.0,47.0,427.0,786.0,104.0,0.0,0.0,0.0,0.0,6.0,0.0,0.0,0.0,0.0,10.0,1112.0,0.0,0.0,0.0,56.0,0.0,0.0,0.0,5.0,0.0,0.0,0.0,0.0,0.0,0.0,97.0,0.0,0.0,0.0,0.0,0.0,49.0,0.0,0.0,0.0,0.0,0.0,0.0,0.0,0.0,0.0,87.0,0.0,0.0,0.0,526.0,111.0,266.0,47.0,0.0,0.0,8.0,0.0,0.0,0.0,0.0,194.0,0.0,0.0,0.0,0.0,0.0,0.0,0.0,0.0,0.0,0.0,0.0,0.0,0.0,0.0,0.0,226.0,0.0,0.0,0.0,0.0,0.0,0.0,0.0,0.0,0.0,90.0,0.0,0.0,0.0,0.0,0.0,0.0,0.0,0.0,0.0,121.0,0.0,0.0,0.0,0.0,0.0,0.0,0.0,5.0,0.0,0.0,0.0,0.0,0.0,0.0,0.0,0.0,0.0,0.0,0.0,2.0,0.0,0.0,0.0,0.0,0.0,0.0,2.0,14.0,0.0,0.0,0.0,87.0,0.0,0.0,0.0,0.0,0.0,0.0,0.0,0.0,0.0,0.0,0.0,0.0,0.0,0.0,0.0,0.0,0.0,0.0,0.0,0.0,2.0,0.0,0.0,0.0,0.0,0.0,0.0,0.0,0.0,0.0,0.0,0.0,0.0,0.0,0.0,0.0,0.0,controle
ERR2585974,13724.0,80.0,2776.0,4567.0,71.0,60.0,3822.0,95.0,6.0,197.0,64.0,1589.0,2.0,30.0,6.0,744.0,18.0,0.0,0.0,0.0,149.0,1631.0,0.0,3968.0,0.0,0.0,9.0,156.0,634.0,533.0,927.0,2183.0,0.0,0.0,1792.0,404.0,19.0,0.0,0.0,0.0,377.0,1100.0,1749.0,25.0,349.0,0.0,742.0,0.0,0.0,55.0,0.0,0.0,0.0,346.0,4257.0,2968.0,262.0,43.0,0.0,8.0,0.0,0.0,3787.0,502.0,0.0,2501.0,0.0,6.0,121.0,0.0,0.0,0.0,6.0,13.0,4.0,6.0,168.0,3071.0,137.0,0.0,14.0,75.0,0.0,45.0,0.0,0.0,18.0,122.0,89.0,0.0,0.0,229.0,0.0,36.0,9.0,40.0,0.0,0.0,690.0,0.0,70.0,0.0,603.0,0.0,0.0,0.0,0.0,0.0,0.0,26.0,311.0,0.0,4.0,0.0,0.0,0.0,8.0,0.0,487.0,211.0,719.0,0.0,496.0,0.0,11.0,1944.0,444.0,0.0,44.0,30.0,7.0,226.0,2.0,319.0,4.0,170.0,1662.0,5.0,0.0,0.0,0.0,99.0,0.0,2257.0,297.0,40.0,0.0,0.0,28.0,5.0,0.0,0.0,3.0,0.0,31.0,1053.0,0.0,500.0,0.0,0.0,19.0,0.0,19.0,0.0,0.0,57.0,0.0,0.0,0.0,0.0,444.0,9.0,0.0,0.0,0.0,25.0,41.0,0.0,3.0,38.0,103.0,0.0,0.0,0.0,0.0,0.0,0.0,0.0,0.0,0.0,1083.0,83.0,590.0,8.0,0.0,0.0,0.0,0.0,13.0,0.0,0.0,126.0,0.0,0.0,0.0,0.0,0.0,0.0,0.0,3.0,0.0,0.0,0.0,0.0,0.0,0.0,0.0,341.0,14.0,0.0,85.0,0.0,0.0,6.0,0.0,0.0,0.0,29.0,0.0,0.0,0.0,0.0,269.0,18.0,0.0,0.0,0.0,17.0,0.0,8.0,0.0,0.0,0.0,0.0,0.0,23.0,0.0,0.0,5.0,0.0,0.0,0.0,0.0,0.0,0.0,0.0,13.0,0.0,0.0,0.0,0.0,0.0,0.0,0.0,0.0,0.0,0.0,0.0,0.0,0.0,0.0,0.0,0.0,35.0,0.0,0.0,0.0,0.0,0.0,0.0,0.0,0.0,0.0,0.0,0.0,0.0,0.0,0.0,0.0,0.0,0.0,0.0,0.0,0.0,0.0,0.0,0.0,0.0,0.0,0.0,0.0,0.0,0.0,0.0,0.0,0.0,0.0,controle
ERR2585975,177.0,122.0,143.0,23.0,11.0,0.0,1971.0,5.0,0.0,10.0,0.0,212.0,0.0,33.0,2.0,171.0,0.0,5.0,0.0,0.0,0.0,212.0,0.0,64.0,0.0,0.0,16.0,0.0,137.0,0.0,75.0,28.0,0.0,0.0,22.0,22.0,0.0,3.0,0.0,21.0,124.0,251.0,210.0,0.0,0.0,0.0,144.0,0.0,0.0,26.0,0.0,0.0,0.0,70.0,433.0,83.0,0.0,115.0,0.0,0.0,0.0,0.0,311.0,0.0,0.0,56.0,0.0,42.0,25.0,0.0,0.0,2.0,0.0,3.0,0.0,0.0,0.0,273.0,27.0,0.0,0.0,0.0,0.0,4.0,0.0,0.0,0.0,16.0,3.0,0.0,0.0,0.0,0.0,0.0,0.0,0.0,0.0,0.0,0.0,0.0,5.0,0.0,99.0,0.0,4.0,0.0,0.0,0.0,0.0,0.0,107.0,0.0,16.0,0.0,0.0,0.0,49.0,0.0,61.0,1.0,0.0,0.0,0.0,0.0,0.0,10.0,0.0,0.0,0.0,0.0,0.0,0.0,0.0,30.0,0.0,5.0,0.0,0.0,0.0,114.0,0.0,0.0,0.0,0.0,3.0,0.0,0.0,0.0,0.0,0.0,0.0,0.0,0.0,0.0,0.0,158.0,0.0,0.0,0.0,0.0,0.0,0.0,0.0,0.0,0.0,0.0,0.0,0.0,0.0,0.0,0.0,0.0,39.0,0.0,0.0,0.0,502.0,0.0,0.0,0.0,0.0,0.0,0.0,9.0,0.0,0.0,0.0,0.0,5.0,0.0,10.0,8.0,28.0,0.0,0.0,0.0,0.0,0.0,0.0,0.0,0.0,28.0,5.0,0.0,0.0,0.0,0.0,0.0,0.0,0.0,0.0,0.0,0.0,0.0,0.0,0.0,0.0,17.0,11.0,0.0,0.0,32.0,0.0,0.0,0.0,0.0,0.0,8.0,0.0,0.0,0.0,0.0,0.0,0.0,0.0,0.0,0.0,125.0,0.0,0.0,0.0,0.0,0.0,0.0,0.0,0.0,0.0,0.0,0.0,0.0,2.0,113.0,0.0,0.0,0.0,0.0,0.0,0.0,3.0,0.0,0.0,0.0,0.0,0.0,0.0,0.0,0.0,0.0,0.0,17.0,0.0,0.0,0.0,0.0,0.0,0.0,0.0,0.0,0.0,0.0,0.0,0.0,0.0,0.0,0.0,0.0,3.0,0.0,0.0,0.0,0.0,0.0,0.0,0.0,0.0,0.0,0.0,0.0,0.0,0.0,0.0,0.0,0.0,0.0,0.0,0.0,0.0,controle
ERR2585976,24058.0,786.0,4547.0,12.0,44.0,42.0,10297.0,86.0,0.0,337.0,65.0,350.0,29.0,420.0,6.0,1235.0,445.0,4.0,14.0,0.0,685.0,2358.0,0.0,2366.0,0.0,1953.0,45.0,579.0,274.0,0.0,1022.0,267.0,0.0,0.0,1371.0,54.0,90.0,18.0,3.0,57.0,487.0,1055.0,1457.0,0.0,209.0,0.0,12.0,0.0,11.0,262.0,0.0,0.0,0.0,405.0,1077.0,1184.0,109.0,101.0,0.0,0.0,4.0,0.0,3725.0,0.0,0.0,14.0,74.0,270.0,353.0,0.0,0.0,7.0,0.0,671.0,0.0,0.0,188.0,1412.0,59.0,0.0,11.0,0.0,0.0,10.0,0.0,48.0,0.0,21.0,349.0,0.0,2.0,388.0,0.0,28.0,0.0,8.0,0.0,80.0,157.0,0.0,48.0,8.0,1613.0,0.0,0.0,4.0,0.0,55.0,0.0,0.0,211.0,0.0,80.0,0.0,0.0,0.0,2.0,0.0,1312.0,255.0,743.0,0.0,0.0,0.0,0.0,76.0,0.0,337.0,0.0,6.0,0.0,159.0,2.0,173.0,0.0,0.0,0.0,3.0,3.0,13.0,0.0,57.0,0.0,589.0,133.0,21.0,0.0,0.0,0.0,0.0,0.0,0.0,0.0,0.0,9.0,581.0,3.0,304.0,0.0,7.0,18.0,0.0,4.0,0.0,0.0,0.0,0.0,0.0,0.0,0.0,28.0,0.0,128.0,33.0,0.0,9.0,47.0,0.0,50.0,7.0,0.0,0.0,0.0,0.0,0.0,0.0,48.0,0.0,0.0,0.0,10.0,101.0,270.0,29.0,0.0,0.0,228.0,0.0,0.0,0.0,0.0,190.0,0.0,0.0,0.0,0.0,0.0,0.0,0.0,0.0,0.0,3.0,0.0,0.0,0.0,0.0,3.0,122.0,0.0,0.0,149.0,0.0,0.0,0.0,0.0,0.0,0.0,463.0,0.0,0.0,0.0,0.0,0.0,0.0,0.0,0.0,0.0,70.0,6.0,0.0,0.0,0.0,0.0,0.0,0.0,3.0,1059.0,0.0,0.0,0.0,0.0,0.0,0.0,0.0,0.0,0.0,0.0,0.0,0.0,0.0,0.0,0.0,0.0,2.0,0.0,0.0,0.0,0.0,0.0,0.0,0.0,0.0,0.0,0.0,0.0,0.0,0.0,0.0,0.0,0.0,0.0,0.0,0.0,0.0,0.0,0.0,0.0,781.0,0.0,0.0,0.0,0.0,0.0,0.0,19.0,0.0,0.0,0.0,0.0,0.0,0.0,0.0,0.0,0.0,0.0,0.0,0.0,controle
ERR2585977,11615.0,1252.0,1554.0,4737.0,0.0,19.0,13436.0,49.0,6.0,362.0,0.0,1047.0,0.0,172.0,6.0,1941.0,0.0,0.0,5.0,0.0,0.0,249.0,3.0,2953.0,0.0,0.0,369.0,189.0,128.0,10498.0,190.0,484.0,0.0,0.0,2247.0,250.0,85.0,9.0,0.0,282.0,550.0,102.0,1124.0,0.0,187.0,0.0,873.0,0.0,8.0,32.0,8.0,0.0,0.0,412.0,873.0,2102.0,40.0,9.0,0.0,0.0,0.0,0.0,3153.0,0.0,0.0,0.0,68.0,489.0,1624.0,0.0,0.0,2.0,0.0,0.0,6.0,0.0,11.0,1765.0,40.0,0.0,165.0,0.0,0.0,5.0,0.0,0.0,0.0,59.0,295.0,0.0,0.0,313.0,0.0,0.0,43.0,0.0,0.0,0.0,0.0,0.0,228.0,0.0,224.0,0.0,0.0,123.0,0.0,64.0,0.0,16.0,2244.0,0.0,38.0,0.0,0.0,0.0,4.0,0.0,2122.0,535.0,0.0,0.0,0.0,0.0,0.0,159.0,7254.0,208.0,0.0,19.0,0.0,0.0,7.0,106.0,0.0,0.0,0.0,11.0,0.0,7.0,0.0,56.0,0.0,440.0,241.0,9.0,0.0,0.0,0.0,8.0,0.0,0.0,0.0,0.0,0.0,403.0,16.0,0.0,0.0,0.0,0.0,0.0,0.0,0.0,0.0,0.0,0.0,0.0,0.0,0.0,0.0,0.0,0.0,0.0,0.0,0.0,55.0,0.0,0.0,14.0,0.0,0.0,8.0,0.0,0.0,0.0,163.0,0.0,0.0,0.0,56.0,112.0,590.0,31.0,0.0,0.0,0.0,0.0,0.0,0.0,0.0,207.0,0.0,0.0,0.0,0.0,0.0,0.0,0.0,3.0,0.0,0.0,0.0,0.0,0.0,0.0,0.0,280.0,0.0,0.0,0.0,0.0,0.0,0.0,0.0,0.0,0.0,195.0,0.0,0.0,5.0,0.0,0.0,0.0,0.0,0.0,0.0,30.0,0.0,0.0,0.0,0.0,0.0,0.0,0.0,8.0,0.0,0.0,0.0,0.0,0.0,5958.0,0.0,0.0,0.0,0.0,8.0,0.0,0.0,0.0,0.0,0.0,0.0,0.0,0.0,0.0,0.0,0.0,0.0,24.0,0.0,0.0,0.0,4.0,0.0,0.0,0.0,0.0,0.0,0.0,0.0,0.0,0.0,0.0,0.0,0.0,0.0,0.0,0.0,21.0,0.0,0.0,0.0,0.0,0.0,0.0,0.0,0.0,0.0,0.0,0.0,0.0,0.0,0.0,0.0,0.0,0.0,controle
ERR2585978,6635.0,226.0,2293.0,3402.0,597.0,79.0,3940.0,169.0,0.0,296.0,27.0,627.0,4.0,424.0,12.0,1195.0,0.0,0.0,9.0,0.0,0.0,3332.0,0.0,5598.0,3.0,0.0,15.0,598.0,472.0,15270.0,201.0,610.0,5.0,0.0,1301.0,53.0,84.0,2.0,9.0,1836.0,154.0,622.0,1042.0,13.0,343.0,0.0,359.0,2.0,5.0,139.0,12.0,0.0,0.0,926.0,2167.0,1973.0,138.0,241.0,6.0,0.0,5.0,0.0,2293.0,75.0,0.0,0.0,0.0,516.0,293.0,0.0,0.0,4.0,0.0,516.0,45.0,0.0,218.0,1622.0,299.0,0.0,16.0,0.0,0.0,24.0,0.0,0.0,11.0,113.0,477.0,0.0,0.0,335.0,0.0,27.0,44.0,0.0,0.0,0.0,6.0,0.0,103.0,0.0,1274.0,0.0,0.0,0.0,0.0,23.0,0.0,6.0,679.0,0.0,0.0,0.0,0.0,0.0,14.0,0.0,342.0,91.0,71.0,0.0,55.0,0.0,27.0,457.0,0.0,0.0,0.0,3.0,27.0,67.0,0.0,43.0,36.0,0.0,896.0,0.0,0.0,181.0,0.0,148.0,0.0,500.0,214.0,8.0,0.0,3.0,0.0,0.0,0.0,4.0,0.0,0.0,0.0,716.0,11.0,0.0,0.0,0.0,246.0,0.0,0.0,3.0,0.0,0.0,0.0,0.0,0.0,0.0,59.0,0.0,40.0,0.0,2.0,0.0,37.0,0.0,0.0,0.0,0.0,0.0,0.0,0.0,0.0,0.0,146.0,0.0,0.0,0.0,54.0,78.0,869.0,14.0,0.0,0.0,0.0,0.0,0.0,2.0,0.0,293.0,0.0,0.0,2.0,0.0,0.0,0.0,0.0,0.0,15.0,0.0,0.0,0.0,0.0,0.0,0.0,168.0,0.0,0.0,5.0,0.0,6.0,5.0,11.0,0.0,0.0,168.0,0.0,0.0,9.0,0.0,0.0,0.0,0.0,2.0,0.0,17.0,0.0,0.0,0.0,0.0,0.0,0.0,0.0,0.0,0.0,0.0,3.0,0.0,0.0,0.0,0.0,0.0,0.0,0.0,165.0,0.0,0.0,0.0,0.0,0.0,0.0,0.0,9.0,0.0,0.0,0.0,0.0,16.0,0.0,0.0,0.0,5.0,0.0,0.0,0.0,0.0,0.0,0.0,0.0,0.0,0.0,0.0,0.0,0.0,0.0,0.0,0.0,85.0,0.0,0.0,0.0,0.0,0.0,0.0,0.0,0.0,0.0,0.0,0.0,0.0,0.0,0.0,101.0,0.0,3.0,controle
ERR2585979,22202.0,4279.0,0.0,0.0,2.0,0.0,18110.0,142.0,0.0,178.0,0.0,4135.0,0.0,312.0,2.0,782.0,0.0,0.0,19.0,0.0,0.0,5399.0,0.0,889.0,0.0,0.0,0.0,559.0,123.0,0.0,443.0,0.0,0.0,0.0,0.0,142.0,17.0,0.0,2.0,44.0,0.0,0.0,1459.0,0.0,0.0,0.0,0.0,0.0,53.0,0.0,0.0,0.0,0.0,214.0,0.0,943.0,65.0,0.0,0.0,3.0,0.0,0.0,2230.0,0.0,0.0,0.0,0.0,0.0,4097.0,0.0,0.0,0.0,0.0,1754.0,27.0,0.0,0.0,699.0,14.0,0.0,138.0,43.0,34.0,0.0,0.0,0.0,0.0,0.0,135.0,0.0,0.0,124.0,0.0,4.0,33.0,0.0,0.0,0.0,0.0,0.0,0.0,77.0,381.0,0.0,0.0,44.0,563.0,0.0,0.0,17.0,3445.0,0.0,39.0,0.0,0.0,0.0,0.0,0.0,506.0,758.0,0.0,0.0,0.0,0.0,17.0,1991.0,0.0,241.0,0.0,0.0,0.0,0.0,0.0,194.0,17.0,0.0,0.0,0.0,39.0,2300.0,0.0,0.0,0.0,0.0,31.0,0.0,0.0,0.0,0.0,0.0,0.0,0.0,0.0,0.0,6.0,387.0,0.0,0.0,0.0,144.0,0.0,0.0,0.0,0.0,0.0,0.0,0.0,0.0,72.0,0.0,231.0,0.0,0.0,0.0,0.0,9.0,18.0,0.0,0.0,0.0,0.0,0.0,0.0,0.0,0.0,0.0,0.0,0.0,0.0,0.0,428.0,19.0,680.0,0.0,0.0,0.0,573.0,0.0,45.0,0.0,2.0,0.0,0.0,0.0,0.0,0.0,0.0,0.0,0.0,3.0,0.0,0.0,0.0,0.0,0.0,0.0,0.0,0.0,0.0,0.0,0.0,0.0,32.0,7.0,0.0,0.0,0.0,0.0,0.0,0.0,0.0,0.0,0.0,0.0,0.0,0.0,0.0,0.0,5.0,0.0,0.0,0.0,0.0,3.0,0.0,0.0,0.0,0.0,0.0,0.0,0.0,0.0,0.0,0.0,0.0,0.0,0.0,0.0,0.0,0.0,0.0,0.0,0.0,0.0,0.0,0.0,0.0,0.0,0.0,0.0,0.0,0.0,0.0,0.0,0.0,0.0,0.0,0.0,0.0,0.0,7.0,0.0,0.0,0.0,0.0,0.0,0.0,0.0,0.0,188.0,0.0,0.0,0.0,11.0,0.0,0.0,0.0,0.0,0.0,0.0,0.0,0.0,0.0,0.0,0.0,0.0,0.0,controle
ERR2585980,15378.0,212.0,1786.0,2234.0,47.0,14.0,14663.0,24.0,0.0,145.0,37.0,1002.0,0.0,162.0,0.0,3137.0,109.0,0.0,23.0,0.0,0.0,815.0,0.0,246.0,0.0,0.0,169.0,140.0,152.0,0.0,339.0,163.0,0.0,0.0,409.0,39.0,8.0,0.0,0.0,644.0,65.0,637.0,1222.0,0.0,0.0,0.0,1654.0,0.0,4.0,0.0,0.0,0.0,0.0,743.0,507.0,572.0,6.0,0.0,0.0,2.0,0.0,0.0,1974.0,0.0,0.0,0.0,0.0,97.0,468.0,0.0,0.0,2.0,0.0,2076.0,108.0,0.0,126.0,1027.0,21.0,0.0,43.0,0.0,0.0,7.0,0.0,0.0,58.0,0.0,367.0,5.0,6.0,0.0,0.0,0.0,10.0,0.0,0.0,0.0,499.0,0.0,35.0,142.0,345.0,0.0,0.0,34.0,0.0,0.0,0.0,6.0,148.0,0.0,82.0,208.0,0.0,0.0,14.0,0.0,993.0,464.0,0.0,0.0,46.0,0.0,70.0,411.0,0.0,0.0,0.0,20.0,0.0,0.0,2.0,182.0,0.0,0.0,0.0,0.0,0.0,0.0,0.0,31.0,101.0,253.0,0.0,0.0,0.0,0.0,0.0,2.0,0.0,0.0,5.0,0.0,6.0,1150.0,0.0,0.0,3.0,31.0,0.0,0.0,0.0,0.0,0.0,0.0,0.0,0.0,0.0,0.0,278.0,0.0,0.0,0.0,6.0,220.0,53.0,0.0,31.0,0.0,0.0,0.0,0.0,0.0,0.0,0.0,228.0,0.0,0.0,0.0,390.0,40.0,235.0,0.0,0.0,0.0,94.0,0.0,314.0,0.0,0.0,93.0,0.0,0.0,0.0,0.0,0.0,0.0,0.0,0.0,0.0,0.0,0.0,0.0,0.0,0.0,0.0,86.0,0.0,0.0,0.0,4.0,0.0,0.0,0.0,0.0,0.0,128.0,0.0,0.0,0.0,0.0,0.0,0.0,0.0,0.0,0.0,234.0,5.0,0.0,0.0,0.0,0.0,3.0,0.0,0.0,0.0,0.0,0.0,0.0,0.0,0.0,0.0,0.0,0.0,0.0,0.0,0.0,0.0,0.0,0.0,0.0,0.0,0.0,0.0,0.0,0.0,0.0,0.0,18.0,0.0,0.0,0.0,3.0,0.0,0.0,12.0,0.0,0.0,0.0,0.0,3.0,0.0,0.0,0.0,0.0,0.0,0.0,0.0,0.0,0.0,0.0,0.0,0.0,0.0,0.0,0.0,0.0,0.0,0.0,0.0,0.0,0.0,0.0,0.0,0.0,6.0,controle
ERR2585981,2582.0,451.0,814.0,5497.0,4.0,46.0,12991.0,150.0,0.0,379.0,13.0,4597.0,0.0,28.0,0.0,1208.0,680.0,0.0,7.0,0.0,596.0,891.0,0.0,386.0,6.0,0.0,306.0,460.0,3524.0,25652.0,163.0,182.0,0.0,0.0,139.0,0.0,13.0,9.0,0.0,9.0,334.0,104.0,235.0,69.0,69.0,0.0,745.0,0.0,13.0,41.0,48.0,0.0,0.0,27.0,1106.0,815.0,66.0,33.0,0.0,4.0,3.0,0.0,671.0,519.0,0.0,0.0,7.0,678.0,984.0,0.0,11.0,2.0,0.0,118.0,0.0,0.0,52.0,919.0,84.0,0.0,0.0,0.0,0.0,11.0,0.0,0.0,10.0,25.0,8.0,0.0,0.0,15.0,0.0,0.0,16.0,0.0,0.0,0.0,0.0,0.0,184.0,0.0,1243.0,11.0,0.0,3.0,0.0,298.0,4.0,0.0,379.0,21.0,2.0,0.0,0.0,0.0,0.0,779.0,107.0,534.0,1057.0,0.0,0.0,0.0,6.0,604.0,0.0,0.0,0.0,0.0,11.0,0.0,0.0,223.0,0.0,38.0,385.0,0.0,0.0,0.0,0.0,0.0,0.0,210.0,270.0,0.0,0.0,0.0,0.0,0.0,0.0,0.0,0.0,10.0,6.0,72.0,18.0,12.0,0.0,3.0,0.0,2706.0,0.0,5.0,0.0,0.0,480.0,40.0,0.0,0.0,12.0,0.0,0.0,0.0,8.0,0.0,16.0,0.0,4.0,0.0,0.0,0.0,0.0,0.0,0.0,0.0,0.0,0.0,0.0,0.0,385.0,55.0,354.0,54.0,709.0,0.0,5.0,0.0,0.0,0.0,0.0,159.0,0.0,0.0,0.0,0.0,0.0,0.0,0.0,4.0,0.0,0.0,0.0,0.0,0.0,3.0,0.0,47.0,0.0,0.0,140.0,0.0,3.0,0.0,0.0,0.0,0.0,50.0,0.0,0.0,0.0,0.0,37.0,0.0,0.0,2.0,0.0,0.0,277.0,0.0,0.0,0.0,0.0,9.0,0.0,0.0,0.0,0.0,0.0,0.0,0.0,0.0,2.0,0.0,0.0,0.0,0.0,0.0,0.0,0.0,2.0,8.0,15.0,0.0,0.0,0.0,0.0,0.0,0.0,25.0,0.0,0.0,0.0,0.0,0.0,12.0,0.0,0.0,0.0,3.0,0.0,0.0,0.0,0.0,0.0,0.0,0.0,0.0,0.0,0.0,0.0,0.0,0.0,0.0,0.0,0.0,0.0,0.0,0.0,0.0,0.0,0.0,0.0,0.0,0.0,0.0,6.0,controle
ERR2585982,3122.0,271.0,829.0,592.0,21.0,18.0,5968.0,69.0,0.0,102.0,43.0,2283.0,253.0,199.0,15.0,1757.0,82.0,0.0,0.0,0.0,0.0,126.0,9.0,278.0,0.0,0.0,229.0,358.0,1293.0,5055.0,144.0,524.0,0.0,0.0,2512.0,192.0,58.0,21.0,0.0,1058.0,1199.0,1087.0,244.0,0.0,46.0,0.0,1687.0,0.0,7.0,114.0,18.0,0.0,0.0,141.0,2424.0,212.0,0.0,583.0,0.0,80.0,55.0,9.0,787.0,0.0,1158.0,0.0,106.0,742.0,370.0,0.0,0.0,0.0,0.0,206.0,12.0,0.0,44.0,2030.0,450.0,0.0,0.0,0.0,132.0,7.0,0.0,0.0,80.0,64.0,95.0,0.0,0.0,214.0,0.0,0.0,0.0,0.0,0.0,0.0,349.0,0.0,123.0,0.0,622.0,12.0,5.0,9.0,0.0,0.0,79.0,0.0,0.0,0.0,316.0,0.0,0.0,0.0,12.0,0.0,207.0,46.0,0.0,0.0,13.0,0.0,0.0,307.0,0.0,0.0,0.0,0.0,0.0,149.0,0.0,116.0,0.0,14.0,210.0,0.0,0.0,40.0,0.0,0.0,0.0,6.0,35.0,13.0,0.0,0.0,0.0,0.0,0.0,0.0,0.0,0.0,0.0,729.0,29.0,7.0,0.0,0.0,133.0,0.0,0.0,0.0,0.0,0.0,0.0,0.0,0.0,0.0,0.0,0.0,63.0,0.0,0.0,6.0,62.0,0.0,0.0,0.0,0.0,12.0,0.0,0.0,32.0,0.0,9.0,0.0,0.0,0.0,10.0,0.0,248.0,28.0,0.0,0.0,0.0,0.0,0.0,0.0,0.0,283.0,8.0,0.0,0.0,0.0,0.0,0.0,0.0,0.0,0.0,0.0,0.0,0.0,0.0,0.0,0.0,98.0,0.0,0.0,191.0,0.0,0.0,0.0,0.0,0.0,0.0,148.0,0.0,0.0,0.0,0.0,0.0,0.0,0.0,0.0,0.0,487.0,0.0,0.0,0.0,0.0,0.0,0.0,0.0,3.0,0.0,0.0,0.0,0.0,12.0,83.0,0.0,0.0,0.0,0.0,0.0,0.0,0.0,0.0,0.0,0.0,0.0,0.0,0.0,0.0,0.0,29.0,0.0,52.0,0.0,0.0,0.0,0.0,0.0,15.0,0.0,0.0,0.0,0.0,0.0,0.0,73.0,0.0,0.0,0.0,0.0,9.0,0.0,0.0,0.0,0.0,0.0,0.0,0.0,12.0,0.0,0.0,321.0,0.0,0.0,0.0,0.0,0.0,0.0,0.0,0.0,controle
ERR2585983,26569.0,339.0,0.0,2972.0,0.0,21.0,5221.0,711.0,0.0,1544.0,0.0,654.0,0.0,272.0,20.0,2973.0,0.0,0.0,24.0,487.0,0.0,0.0,0.0,3045.0,0.0,0.0,6.0,0.0,390.0,0.0,0.0,362.0,0.0,0.0,0.0,927.0,44.0,0.0,0.0,6607.0,702.0,72.0,4675.0,0.0,273.0,0.0,0.0,0.0,23.0,1124.0,69.0,0.0,0.0,537.0,0.0,4916.0,232.0,153.0,2.0,4.0,8.0,0.0,6770.0,0.0,0.0,0.0,76.0,45.0,2958.0,0.0,0.0,0.0,0.0,29.0,421.0,0.0,4.0,3048.0,190.0,0.0,381.0,0.0,0.0,27.0,22.0,0.0,0.0,279.0,0.0,0.0,12.0,181.0,0.0,0.0,100.0,0.0,11.0,0.0,0.0,0.0,137.0,8.0,396.0,0.0,0.0,162.0,0.0,0.0,12.0,433.0,0.0,140.0,0.0,0.0,0.0,0.0,204.0,0.0,3247.0,172.0,0.0,0.0,0.0,96.0,0.0,91.0,0.0,17.0,6.0,12.0,0.0,0.0,12.0,819.0,81.0,0.0,0.0,254.0,0.0,0.0,0.0,0.0,0.0,0.0,248.0,6.0,0.0,0.0,0.0,6.0,17.0,17.0,0.0,0.0,0.0,0.0,0.0,196.0,0.0,7.0,0.0,0.0,0.0,0.0,0.0,181.0,0.0,0.0,109.0,0.0,657.0,0.0,0.0,0.0,0.0,0.0,119.0,0.0,0.0,0.0,0.0,0.0,8.0,0.0,0.0,0.0,110.0,0.0,0.0,0.0,92.0,71.0,0.0,16.0,0.0,0.0,0.0,0.0,0.0,0.0,3.0,0.0,0.0,0.0,0.0,0.0,0.0,0.0,0.0,0.0,0.0,0.0,0.0,25.0,0.0,0.0,0.0,0.0,0.0,0.0,3.0,0.0,20.0,6.0,3.0,11.0,0.0,551.0,9.0,0.0,22.0,0.0,0.0,16.0,0.0,0.0,0.0,0.0,0.0,0.0,0.0,9.0,0.0,0.0,0.0,45.0,0.0,0.0,0.0,0.0,0.0,0.0,0.0,0.0,6.0,0.0,0.0,0.0,0.0,0.0,0.0,0.0,0.0,0.0,0.0,0.0,0.0,0.0,0.0,0.0,0.0,0.0,0.0,8.0,0.0,0.0,0.0,0.0,0.0,0.0,0.0,0.0,0.0,0.0,0.0,0.0,0.0,0.0,0.0,339.0,0.0,0.0,12.0,0.0,0.0,0.0,0.0,97.0,0.0,0.0,0.0,0.0,12.0,0.0,0.0,0.0,0.0,controle
ERR2585984,14304.0,323.0,377.0,0.0,0.0,32.0,2866.0,54.0,0.0,290.0,17.0,2288.0,0.0,59.0,0.0,1675.0,0.0,0.0,0.0,0.0,225.0,191.0,0.0,627.0,0.0,0.0,210.0,0.0,88.0,26206.0,182.0,116.0,0.0,0.0,792.0,212.0,7.0,0.0,0.0,1222.0,805.0,51.0,1827.0,0.0,300.0,0.0,1105.0,0.0,0.0,0.0,0.0,0.0,0.0,490.0,711.0,1485.0,10.0,0.0,0.0,0.0,0.0,0.0,2450.0,0.0,0.0,0.0,33.0,1023.0,749.0,0.0,0.0,0.0,0.0,5.0,0.0,0.0,98.0,3556.0,53.0,0.0,28.0,0.0,110.0,10.0,0.0,0.0,0.0,25.0,190.0,0.0,4.0,135.0,0.0,0.0,97.0,0.0,0.0,0.0,0.0,0.0,37.0,6.0,113.0,0.0,0.0,38.0,0.0,0.0,0.0,10.0,628.0,0.0,0.0,0.0,0.0,0.0,0.0,0.0,310.0,240.0,0.0,0.0,0.0,0.0,0.0,310.0,0.0,0.0,0.0,32.0,2.0,0.0,0.0,604.0,0.0,0.0,0.0,12.0,0.0,2745.0,0.0,24.0,0.0,63.0,303.0,21.0,0.0,0.0,0.0,0.0,0.0,0.0,0.0,0.0,0.0,151.0,0.0,153.0,0.0,4.0,0.0,0.0,0.0,0.0,0.0,0.0,0.0,0.0,0.0,0.0,8.0,0.0,0.0,0.0,0.0,0.0,149.0,0.0,0.0,0.0,0.0,0.0,2.0,0.0,0.0,0.0,92.0,0.0,0.0,0.0,30.0,13.0,604.0,53.0,0.0,0.0,0.0,0.0,0.0,0.0,0.0,303.0,0.0,0.0,0.0,0.0,0.0,0.0,0.0,0.0,0.0,0.0,0.0,0.0,0.0,0.0,0.0,56.0,0.0,0.0,0.0,0.0,0.0,0.0,0.0,0.0,0.0,24.0,0.0,0.0,4.0,0.0,0.0,0.0,0.0,0.0,0.0,274.0,0.0,0.0,0.0,0.0,0.0,0.0,0.0,0.0,0.0,0.0,0.0,0.0,0.0,2723.0,0.0,0.0,0.0,0.0,0.0,0.0,0.0,0.0,0.0,0.0,0.0,0.0,0.0,0.0,0.0,0.0,0.0,35.0,0.0,0.0,0.0,5.0,0.0,18.0,0.0,0.0,0.0,0.0,0.0,0.0,0.0,0.0,0.0,0.0,0.0,0.0,0.0,0.0,0.0,0.0,0.0,0.0,0.0,0.0,0.0,0.0,0.0,0.0,0.0,0.0,0.0,0.0,0.0,0.0,0.0,controle
ERR2585985,13198.0,12.0,350.0,728.0,0.0,33.0,1071.0,83.0,17.0,78.0,9.0,256.0,92.0,161.0,14.0,7281.0,6.0,2.0,0.0,0.0,455.0,192.0,27.0,1508.0,0.0,0.0,7.0,254.0,2915.0,7021.0,0.0,422.0,7.0,0.0,173.0,41.0,76.0,6.0,0.0,4633.0,585.0,2841.0,335.0,0.0,31.0,0.0,406.0,0.0,0.0,490.0,47.0,0.0,0.0,145.0,3817.0,606.0,479.0,1056.0,0.0,22.0,226.0,19.0,638.0,1482.0,0.0,399.0,69.0,1238.0,177.0,0.0,0.0,0.0,2.0,837.0,4.0,0.0,19.0,1020.0,1025.0,0.0,12.0,0.0,93.0,34.0,0.0,0.0,143.0,67.0,43.0,0.0,6.0,728.0,0.0,2.0,713.0,0.0,0.0,40.0,209.0,0.0,30.0,0.0,260.0,18.0,0.0,20.0,5.0,0.0,20.0,37.0,260.0,65.0,1130.0,0.0,0.0,0.0,111.0,382.0,2958.0,42.0,148.0,0.0,9.0,0.0,2.0,91.0,0.0,0.0,2.0,30.0,0.0,0.0,0.0,202.0,0.0,22.0,0.0,0.0,0.0,1310.0,0.0,50.0,0.0,92.0,140.0,18.0,184.0,0.0,0.0,0.0,0.0,0.0,0.0,0.0,0.0,26.0,38.0,17.0,0.0,0.0,28.0,0.0,0.0,4.0,2.0,0.0,0.0,0.0,0.0,0.0,18.0,0.0,991.0,0.0,0.0,5.0,18.0,0.0,0.0,35.0,0.0,14.0,0.0,35.0,78.0,81.0,0.0,0.0,0.0,0.0,50.0,11.0,62.0,10.0,0.0,0.0,7.0,0.0,0.0,0.0,0.0,133.0,46.0,0.0,0.0,8.0,0.0,0.0,0.0,0.0,0.0,0.0,0.0,0.0,8.0,0.0,0.0,0.0,0.0,0.0,111.0,0.0,0.0,0.0,0.0,0.0,0.0,79.0,0.0,0.0,6.0,0.0,42.0,0.0,0.0,3.0,0.0,71.0,0.0,0.0,0.0,0.0,0.0,0.0,0.0,16.0,0.0,0.0,0.0,0.0,0.0,0.0,0.0,0.0,0.0,0.0,7.0,0.0,36.0,0.0,0.0,0.0,0.0,0.0,0.0,0.0,0.0,147.0,0.0,0.0,0.0,0.0,3.0,0.0,0.0,20.0,0.0,0.0,0.0,0.0,0.0,0.0,0.0,0.0,0.0,6.0,6.0,0.0,0.0,0.0,0.0,0.0,0.0,0.0,0.0,0.0,0.0,0.0,237.0,0.0,0.0,0.0,0.0,0.0,0.0,0.0,0.0,controle
ERR2585986,25101.0,1686.0,1319.0,1941.0,11.0,73.0,15942.0,91.0,0.0,251.0,42.0,1381.0,0.0,69.0,5.0,1730.0,0.0,0.0,14.0,0.0,1445.0,74.0,0.0,2921.0,0.0,0.0,312.0,412.0,632.0,0.0,337.0,129.0,0.0,257.0,507.0,59.0,83.0,22.0,0.0,173.0,1465.0,1099.0,1524.0,0.0,101.0,0.0,957.0,0.0,0.0,695.0,12.0,0.0,0.0,574.0,973.0,2434.0,38.0,37.0,0.0,0.0,5.0,0.0,3534.0,0.0,0.0,3857.0,6.0,255.0,668.0,0.0,0.0,2.0,0.0,10.0,9.0,0.0,46.0,2561.0,175.0,0.0,33.0,0.0,0.0,22.0,0.0,0.0,55.0,32.0,533.0,0.0,0.0,480.0,0.0,0.0,9.0,0.0,0.0,4.0,0.0,0.0,265.0,0.0,2109.0,106.0,0.0,50.0,0.0,0.0,0.0,18.0,1804.0,0.0,1537.0,0.0,0.0,0.0,18.0,0.0,46.0,639.0,89.0,0.0,25.0,0.0,0.0,129.0,0.0,51.0,0.0,26.0,0.0,0.0,2.0,93.0,0.0,0.0,0.0,0.0,8.0,474.0,0.0,40.0,0.0,283.0,320.0,0.0,0.0,0.0,0.0,0.0,0.0,2.0,0.0,0.0,0.0,984.0,13.0,0.0,0.0,0.0,0.0,0.0,0.0,0.0,0.0,0.0,0.0,0.0,0.0,0.0,105.0,0.0,0.0,0.0,0.0,5.0,7.0,0.0,0.0,0.0,0.0,0.0,0.0,0.0,0.0,0.0,14.0,0.0,0.0,0.0,119.0,56.0,552.0,130.0,0.0,0.0,0.0,0.0,0.0,0.0,0.0,445.0,0.0,0.0,0.0,0.0,0.0,6.0,0.0,3.0,0.0,0.0,0.0,0.0,0.0,0.0,0.0,372.0,0.0,0.0,0.0,0.0,0.0,5.0,0.0,0.0,0.0,130.0,0.0,0.0,0.0,0.0,0.0,0.0,0.0,0.0,0.0,162.0,0.0,9.0,0.0,0.0,0.0,0.0,0.0,0.0,0.0,0.0,0.0,0.0,0.0,0.0,0.0,0.0,0.0,0.0,68.0,0.0,0.0,0.0,0.0,0.0,0.0,0.0,0.0,0.0,0.0,0.0,0.0,41.0,0.0,0.0,0.0,0.0,0.0,0.0,0.0,0.0,0.0,0.0,0.0,0.0,0.0,0.0,0.0,0.0,0.0,0.0,0.0,0.0,0.0,0.0,0.0,0.0,0.0,0.0,0.0,0.0,0.0,0.0,0.0,0.0,0.0,0.0,0.0,0.0,0.0,endo
ERR2585987,25313.0,43.0,0.0,3.0,0.0,0.0,7444.0,34.0,0.0,318.0,0.0,5071.0,0.0,0.0,0.0,470.0,27.0,0.0,3.0,36.0,0.0,0.0,0.0,1921.0,0.0,0.0,140.0,0.0,429.0,0.0,0.0,0.0,0.0,0.0,0.0,183.0,52.0,0.0,0.0,0.0,185.0,0.0,3424.0,0.0,0.0,0.0,0.0,0.0,14.0,742.0,0.0,0.0,0.0,2271.0,0.0,2595.0,57.0,0.0,0.0,9.0,0.0,0.0,13559.0,0.0,0.0,0.0,0.0,0.0,4429.0,0.0,0.0,0.0,0.0,132.0,165.0,0.0,0.0,85.0,3.0,0.0,2357.0,0.0,0.0,0.0,0.0,0.0,0.0,0.0,0.0,0.0,0.0,0.0,0.0,0.0,16.0,0.0,0.0,0.0,0.0,0.0,0.0,0.0,167.0,0.0,0.0,0.0,0.0,0.0,0.0,149.0,0.0,4.0,0.0,0.0,0.0,0.0,3.0,0.0,0.0,2702.0,0.0,0.0,0.0,0.0,0.0,0.0,0.0,0.0,0.0,140.0,0.0,0.0,3.0,141.0,65.0,0.0,0.0,10.0,0.0,0.0,0.0,0.0,0.0,0.0,0.0,0.0,0.0,0.0,0.0,3.0,0.0,0.0,0.0,0.0,7.0,0.0,0.0,0.0,0.0,8.0,0.0,0.0,0.0,0.0,0.0,0.0,0.0,0.0,32.0,0.0,488.0,0.0,0.0,0.0,0.0,0.0,952.0,0.0,0.0,0.0,0.0,0.0,23.0,0.0,0.0,0.0,21.0,3.0,0.0,0.0,114.0,107.0,243.0,0.0,0.0,0.0,68.0,0.0,0.0,0.0,3.0,0.0,0.0,0.0,0.0,0.0,0.0,0.0,0.0,0.0,0.0,0.0,0.0,0.0,0.0,0.0,0.0,0.0,0.0,0.0,0.0,0.0,238.0,12.0,0.0,21.0,0.0,0.0,0.0,0.0,0.0,0.0,0.0,35.0,0.0,0.0,0.0,0.0,5.0,0.0,0.0,0.0,0.0,0.0,0.0,0.0,0.0,12.0,0.0,0.0,0.0,8149.0,0.0,0.0,0.0,0.0,0.0,0.0,0.0,0.0,0.0,0.0,0.0,0.0,0.0,0.0,0.0,0.0,0.0,0.0,0.0,0.0,0.0,5.0,0.0,0.0,0.0,0.0,0.0,0.0,0.0,0.0,0.0,0.0,0.0,0.0,0.0,0.0,0.0,591.0,0.0,0.0,0.0,0.0,0.0,0.0,0.0,0.0,0.0,0.0,0.0,0.0,0.0,0.0,0.0,6.0,0.0,endo
ERR2585988,2765.0,1263.0,375.0,5280.0,0.0,62.0,8610.0,98.0,0.0,614.0,51.0,725.0,0.0,360.0,6.0,3169.0,0.0,0.0,4.0,0.0,312.0,484.0,3.0,818.0,0.0,0.0,415.0,0.0,1989.0,15361.0,673.0,494.0,32.0,0.0,537.0,30.0,95.0,18.0,0.0,0.0,1502.0,153.0,878.0,9.0,222.0,0.0,955.0,0.0,0.0,782.0,23.0,4308.0,0.0,275.0,1839.0,1201.0,117.0,356.0,0.0,3.0,12.0,0.0,1612.0,0.0,0.0,1912.0,36.0,825.0,934.0,11.0,0.0,0.0,0.0,6.0,0.0,0.0,174.0,2309.0,299.0,0.0,7.0,0.0,0.0,20.0,0.0,0.0,23.0,23.0,357.0,0.0,0.0,123.0,0.0,0.0,49.0,0.0,0.0,0.0,0.0,0.0,97.0,5.0,954.0,48.0,0.0,0.0,0.0,60.0,7.0,4.0,1390.0,0.0,229.0,0.0,0.0,0.0,0.0,0.0,16.0,242.0,2470.0,0.0,0.0,0.0,2477.0,237.0,0.0,0.0,0.0,0.0,0.0,0.0,0.0,171.0,0.0,27.0,0.0,0.0,0.0,0.0,0.0,18.0,0.0,892.0,0.0,13.0,0.0,0.0,0.0,0.0,0.0,0.0,0.0,0.0,0.0,454.0,45.0,0.0,0.0,0.0,0.0,0.0,0.0,0.0,0.0,0.0,0.0,0.0,0.0,3.0,20.0,0.0,0.0,0.0,0.0,18.0,200.0,0.0,5.0,46.0,14.0,0.0,0.0,0.0,0.0,0.0,9.0,0.0,0.0,0.0,113.0,62.0,483.0,47.0,0.0,0.0,0.0,0.0,0.0,0.0,0.0,358.0,0.0,0.0,0.0,0.0,0.0,0.0,0.0,0.0,0.0,0.0,0.0,0.0,0.0,0.0,0.0,135.0,57.0,0.0,179.0,0.0,4.0,0.0,0.0,0.0,0.0,101.0,0.0,0.0,0.0,0.0,15.0,0.0,0.0,0.0,0.0,81.0,0.0,0.0,0.0,0.0,0.0,0.0,0.0,0.0,0.0,0.0,0.0,0.0,0.0,466.0,0.0,0.0,0.0,0.0,26.0,0.0,0.0,0.0,0.0,0.0,0.0,0.0,0.0,0.0,0.0,0.0,2.0,137.0,0.0,0.0,0.0,9.0,0.0,0.0,0.0,0.0,0.0,0.0,0.0,0.0,0.0,0.0,0.0,7.0,0.0,0.0,0.0,0.0,0.0,0.0,0.0,0.0,0.0,0.0,0.0,0.0,106.0,0.0,0.0,0.0,0.0,0.0,0.0,18.0,0.0,endo
ERR2585989,16961.0,1047.0,1970.0,1372.0,82.0,46.0,15203.0,82.0,0.0,155.0,30.0,1363.0,0.0,100.0,13.0,1418.0,67.0,0.0,0.0,0.0,1132.0,1675.0,6.0,2550.0,3.0,0.0,175.0,322.0,680.0,6.0,382.0,758.0,0.0,0.0,2070.0,28.0,16.0,29.0,0.0,16.0,694.0,1057.0,1647.0,0.0,48.0,0.0,1203.0,0.0,0.0,189.0,4.0,0.0,0.0,212.0,1479.0,644.0,157.0,164.0,0.0,3.0,24.0,0.0,1403.0,0.0,0.0,0.0,4.0,315.0,431.0,0.0,23.0,0.0,0.0,808.0,2.0,0.0,110.0,2972.0,203.0,0.0,16.0,0.0,0.0,18.0,0.0,0.0,2.0,82.0,80.0,0.0,0.0,411.0,0.0,0.0,18.0,0.0,0.0,59.0,0.0,0.0,26.0,136.0,1108.0,0.0,0.0,9.0,0.0,0.0,11.0,4.0,2133.0,0.0,82.0,0.0,0.0,0.0,23.0,0.0,1842.0,84.0,0.0,0.0,25.0,0.0,0.0,646.0,0.0,0.0,13.0,2.0,0.0,0.0,0.0,110.0,0.0,0.0,0.0,3.0,0.0,0.0,0.0,53.0,0.0,578.0,173.0,15.0,0.0,0.0,398.0,0.0,0.0,0.0,0.0,2.0,0.0,496.0,12.0,284.0,0.0,8.0,52.0,0.0,0.0,0.0,0.0,0.0,0.0,0.0,0.0,0.0,1149.0,0.0,16.0,0.0,2.0,20.0,157.0,0.0,0.0,0.0,12.0,0.0,0.0,0.0,0.0,0.0,124.0,0.0,0.0,0.0,831.0,37.0,308.0,35.0,0.0,0.0,457.0,0.0,13.0,0.0,0.0,215.0,0.0,0.0,0.0,8.0,0.0,9.0,0.0,0.0,0.0,0.0,0.0,0.0,0.0,0.0,0.0,142.0,11.0,0.0,94.0,0.0,4.0,0.0,0.0,12.0,0.0,60.0,0.0,0.0,0.0,0.0,58.0,0.0,0.0,0.0,5.0,126.0,0.0,0.0,0.0,0.0,0.0,0.0,0.0,4.0,0.0,0.0,0.0,0.0,0.0,0.0,0.0,0.0,0.0,0.0,0.0,0.0,0.0,0.0,0.0,0.0,0.0,0.0,0.0,0.0,0.0,0.0,0.0,44.0,0.0,0.0,0.0,0.0,0.0,0.0,0.0,0.0,0.0,0.0,0.0,0.0,0.0,0.0,0.0,0.0,0.0,0.0,0.0,0.0,0.0,0.0,0.0,0.0,0.0,0.0,0.0,0.0,0.0,0.0,0.0,0.0,0.0,0.0,0.0,0.0,0.0,controle
